0.97454343435517409855 0.00000000099999999999 0.00000000099999999999 0.02545656264482591691 0.00000000099999999999 
0.77734392983576749980 0.22265606716423252953 0.00000000099999999999 0.00000000099999999999 0.00000000099999999999 
0.68850478882036814099 0.00000000100000000000 0.00000000100000000000 0.31149520817963183283 0.00000000100000000000 
0.55608143923722086477 0.00000000100000000000 0.00582037217436512377 0.43809816357585662505 0.00000002401255734859 
0.84544278743109957386 0.15455720956890037221 0.00000000099999999999 0.00000000099999999999 0.00000000099999999999 
0.69028962601324783677 0.00000000100000000000 0.00000000100000000000 0.30966089321873263573 0.00004947876801961693 
0.45391906237646967304 0.31655993854776109941 0.00289147167409708897 0.21298370149712320121 0.01364582590454888576 
0.77126033395992765751 0.22873966304007239958 0.00000000099999999999 0.00000000099999999999 0.00000000099999999999 
0.75697898498631210895 0.00395094297085922704 0.00000000100000000000 0.23907007004282873619 0.00000000100000000000 
0.99999999600000000211 0.00000000099999999999 0.00000000099999999999 0.00000000099999999999 0.00000000099999999999 
0.69034664238877863074 0.00000000100000000000 0.00377874758630471685 0.30587460802491667211 0.00000000100000000000 
0.66676954667343724115 0.00000000100000000000 0.00000000100000000000 0.33323045032656273268 0.00000000100000000000 
0.70041445452858952514 0.00000000100000000000 0.00000000100000000000 0.29958554247141039317 0.00000000100000000000 
0.58658961406106280290 0.00000000100000000000 0.00000000100000000000 0.41341038293893733746 0.00000000100000000000 
0.65658877060007880822 0.00000000100000000000 0.00000000100000000000 0.34341122639992111010 0.00000000100000000000 
0.97352591580541758542 0.00000000099999999999 0.00000000099999999999 0.02647408119458240228 0.00000000099999999999 
0.78084147441352236285 0.00000000100000000000 0.00000000100000000000 0.21915852258647763873 0.00000000100000000000 
0.61619509226367474852 0.38136149344707920283 0.00244341228924597467 0.00000000100000000000 0.00000000100000000000 
0.99999999600000000211 0.00000000099999999999 0.00000000099999999999 0.00000000099999999999 0.00000000099999999999 
0.95083666763712038072 0.00000000099999999999 0.00000000099999999999 0.04916332936287962779 0.00000000099999999999 
0.67882670803003697380 0.00000000099999999999 0.00000000099999999999 0.32117328896996294452 0.00000000099999999999 
0.59369070103431365037 0.00000000100000000000 0.00000000100000000000 0.40630929596568648998 0.00000000100000000000 
0.66811557874835603155 0.00000000100000000000 0.00000000100000000000 0.33188441825164399779 0.00000000100000000000 
0.49484055658008291312 0.33003832702601615390 0.00233430534175241462 0.16951687566874557023 0.00326993538340302750 
0.99999999600000011313 0.00000000099999999999 0.00000000099999999999 0.00000000099999999999 0.00000000099999999999 
0.74158211844539845270 0.25841787855460157664 0.00000000100000000000 0.00000000100000000000 0.00000000100000000000 
0.99999999600000000211 0.00000000099999999999 0.00000000099999999999 0.00000000099999999999 0.00000000099999999999 
0.00000000099999999999 0.99999999600000011313 0.00000000099999999999 0.00000000099999999999 0.00000000099999999999 
0.00000000099999999999 0.99999999600000011313 0.00000000099999999999 0.00000000099999999999 0.00000000099999999999 
0.10700624529563837473 0.53300276573492311183 0.00000000100000000000 0.35999098696943848674 0.00000000100000000000 
0.00000000099999999999 0.99999999600000000211 0.00000000099999999999 0.00000000099999999999 0.00000000099999999999 
0.00000000099999999999 0.99999999600000011313 0.00000000099999999999 0.00000000099999999999 0.00000000099999999999 
0.24678392911359181561 0.44671426311201367643 0.02169869804864387602 0.28480310872575065329 0.00000000100000000000 
0.00000000099999999999 0.99999999600000011313 0.00000000099999999999 0.00000000099999999999 0.00000000099999999999 
0.16527239836392909611 0.44076019674591226938 0.00000000100000000000 0.39396740289015858005 0.00000000100000000000 
0.17446037988464985213 0.51112099662403021050 0.00000000100000000000 0.31441862149131993842 0.00000000100000000000 
0.20248770296227705523 0.44546799201678061175 0.00000000100000000000 0.35204430302094219529 0.00000000100000000000 
0.00000000099999999999 0.99999999600000011313 0.00000000099999999999 0.00000000099999999999 0.00000000099999999999 
0.17484743871698263384 0.49473803155472784177 0.00000000100000000000 0.33041452772828955320 0.00000000100000000000 
0.30307041186528865806 0.55195826457422036970 0.00000000100000000000 0.14497132156049097329 0.00000000100000000000 
0.49228930169994467025 0.18972454865049787065 0.00000000100000000000 0.30652392498699793100 0.01146222366255952516 
0.24868970958702266150 0.61908008636891476151 0.00964236734526963644 0.11727610499154010604 0.00531173170725263415 
0.16153381415457354620 0.54335272615601637458 0.00000000100000000000 0.29511345768941005252 0.00000000100000000000 
0.00000000099999999999 0.99999999600000011313 0.00000000099999999999 0.00000000099999999999 0.00000000099999999999 
0.15013309289097659383 0.44664979865671344816 0.00000000100000000000 0.40321710645230990355 0.00000000100000000000 
0.12658354245093042523 0.58630854890208183861 0.00167351417045508198 0.28543439347653259963 0.00000000100000000000 
0.12447261675372378598 0.68810307826900618533 0.00000000100000000000 0.18742430297726983546 0.00000000100000000000 
0.00000000099999999999 0.99999999600000011313 0.00000000099999999999 0.00000000099999999999 0.00000000099999999999 
0.08679215607849498360 0.91320784092150508737 0.00000000099999999999 0.00000000099999999999 0.00000000099999999999 
0.27367868447389881448 0.31592303378274155801 0.00000000100000000000 0.41039827974335968408 0.00000000100000000000 
0.27849981551961749959 0.32216316060597849358 0.00365537211270709761 0.39568165076169697913 0.00000000100000000000 
0.28107874767282919892 0.31823862150561993412 0.00338885044900496353 0.39729377937254589659 0.00000000100000000000 
0.31190176688392479143 0.29386255888649026602 0.00000000100000000000 0.39423567222958494360 0.00000000100000000000 
0.00000000099999999999 0.99999998180016036464 0.00000000099999999999 0.00000001519983973121 0.00000000099999999999 
0.18018771166950547924 0.38146267782268949986 0.00000000100000000000 0.43834960850780496644 0.00000000100000000000 
0.00290069417920394432 0.99709929757922188820 0.00000000099999999999 0.00000000624157416457 0.00000000099999999999 
0.16534567897359772615 0.64955678576498621091 0.00000000100000000000 0.18509753326141606400 0.00000000100000000000 
0.19250485708021519704 0.64044378861625728128 0.00583512438477487225 0.16121622891875261874 0.00000000100000000000 
0.27943867413406076050 0.28460801484869374667 0.00000000100000000000 0.43595330901724560491 0.00000000100000000000 
0.27304918231699309983 0.19682202097904347160 0.01813316842230816572 0.51199562728165515235 0.00000000100000000000 
0.27808811153082990675 0.27811404894796765142 0.00000000100000000000 0.44379783752120255391 0.00000000100000000000 
0.25248887364699162950 0.27279340879591118529 0.00000000100000000000 0.47471771555709713075 0.00000000100000000000 
0.20980356057695129235 0.67120228819508231943 0.00018688213731084534 0.11880726809065542127 0.00000000100000000000 
0.22103825102847871054 0.24117359111000188920 0.00028046145948541182 0.53750769540203380270 0.00000000100000000000 
0.27806640010416106001 0.30527056146287956384 0.00538947503600189972 0.41127356239695750384 0.00000000100000000000 
0.09225065608895988145 0.64837422586416360026 0.00000000100000000000 0.25937511604687651934 0.00000000100000000000 
0.26127769257626343169 0.37703024108553045979 0.00222996966758587638 0.35946209567062009649 0.00000000100000000000 
0.28778668958177455739 0.19469962705513901846 0.00000000100000000000 0.51751368136308639745 0.00000000100000000000 
0.11773029624220725242 0.65336287445316887368 0.00001780637341751745 0.22888902193120636008 0.00000000100000000000 
0.14078885197611032409 0.13421729309854424361 0.04637900198817241498 0.00000000100000000000 0.67861485193717296927 
0.22736455503705868542 0.00000000100000000000 0.24594774890606843631 0.00000000100000000000 0.52668769405687299034 
0.02388580915287600442 0.14446236894798966666 0.07491527159395496016 0.00000000100000000000 0.75673654930517941786 
0.20125248190729622122 0.00000000099999999999 0.07958582517160017744 0.00000000099999999999 0.71916169092110371341 
0.26609298770148193114 0.00000000100000000000 0.00835249465005555997 0.00000000100000000000 0.72555451564846240586 
0.16344489698093622732 0.10860684366413278501 0.04126110162163511980 0.00000000100000000000 0.68668715673329594473 
0.26729772050045474963 0.00000000100000000000 0.00983546304693028173 0.00000000100000000000 0.72286681445261502521 
0.14420958704354217006 0.11141633746050526310 0.03726801722503923081 0.00000000100000000000 0.70710605727091324635 
0.16797213223450105368 0.00000000099999999999 0.10908485501394547812 0.00000000099999999999 0.72294301075155342762 
0.20790163739162778600 0.00000000099999999999 0.09936768846475149686 0.00000000099999999999 0.69273067214362071820 
0.30179379103227826908 0.00000000099999999999 0.01690899708191605927 0.00000000099999999999 0.68129720988580555474 
0.00000000099999999999 0.00000000099999999999 0.12395529755148884665 0.00000000099999999999 0.87604469944851115493 
0.05301765946297821996 0.14206720508702222472 0.11791067375347766277 0.00000000100000000000 0.68700446069652199022 
0.13978598696006530600 0.12477352706943148353 0.03680923800623373682 0.00000000100000000000 0.69863124696426948113 
0.20388957763447998484 0.00000000099999999999 0.07724175541990745131 0.00000000099999999999 0.71886866494561252328 
0.18842525994886211160 0.00000000099999999999 0.05299261512862995377 0.00000000099999999999 0.75858212292250781772 
0.04985529905653476868 0.09000142360171785316 0.03170271100871044356 0.00000000100000000000 0.82844056533303689349 
0.15955350002297047363 0.05408841196781191685 0.03403549075253450851 0.00000000100000000000 0.75232259625668307379 
0.00000000099999999999 0.30694896785873754252 0.00000000099999999999 0.69305102914126237579 0.00000000099999999999 
0.00000000099999999999 0.32346054009715935473 0.00000000099999999999 0.67653945690284056358 0.00000000099999999999 
0.00000000099999999999 0.33534163541812861409 0.00000000099999999999 0.66465836158187130422 0.00000000099999999999 
0.00000000099999999999 0.34597779375617560005 0.00000000099999999999 0.65402220324382431826 0.00000000099999999999 
0.00000000099999999999 0.28070022548472933765 0.00000000099999999999 0.71929977151527046964 0.00000000099999999999 
0.00000000099999999999 0.00000000099999999999 0.00000000099999999999 0.99999999599999989108 0.00000000099999999999 
0.00000000099999999999 0.00000000099999999999 0.00000000099999999999 0.99999999599999989108 0.00000000099999999999 
0.00000000099999999999 0.00000000099999999999 0.00000000099999999999 0.99999999600000000211 0.00000000099999999999 
0.00000000099999999999 0.00000000099999999999 0.00000000099999999999 0.99999999599999989108 0.00000000099999999999 
0.00000000099999999999 0.27992851356847808786 0.00000000099999999999 0.72007148343152183045 0.00000000099999999999 
0.00000000099999999999 0.33902825222669547012 0.00000000099999999999 0.66097174477330433717 0.00000000099999999999 
0.00000000099999999999 0.30424757892397635839 0.00000000099999999999 0.69575241807602361543 0.00000000099999999999 
0.00000000099999999999 0.00000000099999999999 0.00000000099999999999 0.99999999600000000211 0.00000000099999999999 
0.00000000099999999999 0.00000000099999999999 0.00000000099999999999 0.99999999600000000211 0.00000000099999999999 
0.00000000099999999999 0.00000000099999999999 0.00000000099999999999 0.99999999599999989108 0.00000000099999999999 
0.00000000099999999999 0.00000000099999999999 0.00000000099999999999 0.99999999600000000211 0.00000000099999999999 
0.00000000099999999999 0.00000000099999999999 0.00000000099999999999 0.99999999599999989108 0.00000000099999999999 
0.00000000099999999999 0.00000000099999999999 0.00000000099999999999 0.99999999600000000211 0.00000000099999999999 
0.00000000099999999999 0.00000000099999999999 0.00000000099999999999 0.99999999600000000211 0.00000000099999999999 
0.00000000099999999999 0.00000000099999999999 0.00000000099999999999 0.99999999600000000211 0.00000000099999999999 
0.75156743019873006872 0.05999607674344851344 0.00005434021559572852 0.18838215184222573129 0.00000000100000000000 
0.69239170000327554533 0.28427965622829748371 0.00000001021347758434 0.00000000100000000000 0.02332863255494934882 
0.62127875809376031935 0.37872123890623976550 0.00000000100000000000 0.00000000100000000000 0.00000000100000000000 
0.62288212152858513093 0.36395891027563137543 0.00000000100000000000 0.00000000100000000000 0.01315896619578333510 
0.63764028220291091298 0.30579693897259596636 0.00719367785587962747 0.00000000100000000000 0.04936909996861339744 
0.59252169774498220089 0.38645340964039204268 0.00360674841449503628 0.00000000100000000000 0.01741814320013073195 
0.65431910732728360003 0.34365359997777689127 0.00192888659159430121 0.00000000100000000000 0.00009840510334519048 
0.38946158207792036521 0.00000000099999999999 0.61053841492207960862 0.00000000099999999999 0.00000000099999999999 
0.00000000099999999988 0.00000000099999999988 0.99999999600000000211 0.00000000099999999988 0.00000000099999999988 
0.00000000099999999999 0.00000000099999999999 0.00000000099999999999 0.99999999600000000211 0.00000000099999999999 
0.00000000099999999999 0.00000000099999999999 0.00000000099999999999 0.99999999599999989108 0.00000000099999999999 
0.00000000099999999999 0.00000000099999999999 0.00000000099999999999 0.99999999599999989108 0.00000000099999999999 
0.00000000099999999990 0.00000000099999999990 0.99999999599999989108 0.00000000099999999990 0.00000000099999999990 
0.05728164611861039784 0.00000000100000000000 0.82281347321661102434 0.00000000100000000000 0.11990487866477847478 
0.00000000099999999988 0.00000000099999999988 0.99999999600000000211 0.00000000099999999988 0.00000000099999999988 
0.00000000099999999993 0.00000000099999999993 0.99999999599999989108 0.00000000099999999993 0.00000000099999999993 
0.00000000100000000000 0.00000000100000000000 0.87776260349215518008 0.12223739350784468272 0.00000000100000000000 
0.31348122959126489828 0.00000000099999999999 0.60576012410336732561 0.00000000099999999999 0.08075864430536790206 
0.22526085783623478465 0.00000000099999999999 0.52758200976991609377 0.00000000099999999999 0.24715713039384909488 
0.00000000099999999987 0.00000000099999999987 0.99999999599999989108 0.00000000099999999987 0.00000000099999999987 
0.00000000099999999988 0.00000000099999999988 0.99999999600000000211 0.00000000099999999988 0.00000000099999999988 
0.00000000099999999997 0.00000000099999999997 0.99999999600000000211 0.00000000099999999997 0.00000000099999999997 
0.00000000099999999989 0.00000000099999999989 0.99999999599999989108 0.00000000099999999989 0.00000000099999999989 
0.00000000099999999991 0.00000000099999999991 0.99999999599999989108 0.00000000099999999991 0.00000000099999999991 
0.00000000099999999994 0.00000000099999999994 0.99999999600000000211 0.00000000099999999994 0.00000000099999999994 
0.00000000099999999999 0.32873518029797410556 0.00000000099999999999 0.67126481670202575724 0.00000000099999999999 
0.00000000099999999999 0.32784217590721037583 0.00000000099999999999 0.67215782109278954248 0.00000000099999999999 
0.00000000099999999999 0.33198702837692917189 0.00000000099999999999 0.66801296862307069091 0.00000000099999999999 
0.00000000099999999999 0.31015491130423183952 0.00000000099999999999 0.68984508569576807879 0.00000000099999999999 
0.00000000099999999999 0.29941856349523038316 0.00000000099999999999 0.70058143350476964617 0.00000000099999999999 
0.00000000099999999999 0.32033324799658074999 0.00000000099999999999 0.67966674900341916832 0.00000000099999999999 
0.00000000099999999999 0.00000000099999999999 0.00000000099999999999 0.99999999600000000211 0.00000000099999999999 
0.00000000099999999999 0.35069336621486468797 0.00000000099999999999 0.64930663078513517483 0.00000000099999999999 
0.00000000099999999999 0.00000000099999999999 0.00000000099999999999 0.99999999600000000211 0.00000000099999999999 
0.00000000099999999999 0.00000000099999999999 0.00000000099999999999 0.99999999600000000211 0.00000000099999999999 
0.00000000099999999999 0.00000000099999999999 0.00000000099999999999 0.99999999600000000211 0.00000000099999999999 
0.22400532033542272514 0.00000000100000000000 0.00000000100000000000 0.77599467666457733195 0.00000000100000000000 
0.00000000099999999999 0.00000000099999999999 0.00000000099999999999 0.99999999599999989108 0.00000000099999999999 
0.00000000100000000000 0.00000000100000000000 0.00000000100000000000 0.99999999600000000211 0.00000000100000000000 
0.00000000099999999999 0.00000000099999999999 0.00000000099999999999 0.99999999599999989108 0.00000000099999999999 
0.00000000099999999999 0.31358152194120569867 0.00000000099999999999 0.68641847505879405311 0.00000000099999999999 
0.00000000099999999999 0.31296104889716142017 0.00000000099999999999 0.68703894810283849814 0.00000000099999999999 
0.00000000099999999999 0.30522061524123716980 0.00000000099999999999 0.69477938175876263749 0.00000000099999999999 
0.60789713137650935870 0.39210286562349067063 0.00000000100000000000 0.00000000100000000000 0.00000000100000000000 
0.59979009817658401893 0.40020989882341595489 0.00000000100000000000 0.00000000100000000000 0.00000000100000000000 
0.87936849725768517771 0.05277571174482936778 0.00188297515609947498 0.06597281484138592389 0.00000000100000000000 
0.62501955294871724966 0.37491960330490209374 0.00006084174638066773 0.00000000100000000000 0.00000000100000000000 
0.59783019929673075765 0.39380366123386273403 0.00000000100000000000 0.00000000100000000000 0.00836613746940640356 
0.58681231748808238002 0.41164578026741849293 0.00000000100000000000 0.00000000100000000000 0.00154190024449921441 
0.58880425310156403462 0.40845061940356752750 0.00000000100000000000 0.00000000100000000000 0.00274512549486855212 
0.65737735225746574130 0.33914715045270166227 0.00347549528983254240 0.00000000100000000000 0.00000000100000000000 
0.60713254388327675404 0.38027782516171404481 0.00754806975674391246 0.00000000100000000000 0.00504156019826532738 
0.60682213475751345388 0.38587269903809640059 0.00000000100000000000 0.00000000100000000000 0.00730516420439026540 
0.86690967403692043014 0.00000000100000000000 0.00000000100000000000 0.13309032296307948817 0.00000000100000000000 
0.81937573402547569934 0.00110677785005705727 0.00801231548757889642 0.17150517163688830391 0.00000000100000000000 
0.63833956275138181713 0.34931519071982819469 0.01234524452878991638 0.00000000100000000000 0.00000000100000000000 
0.65972508999698198373 0.32863601073412096465 0.00000023781914556171 0.00000000100000000000 0.01163866044975157311 
0.62618439020015359553 0.37144057002816222024 0.00000000100000000000 0.00000000100000000000 0.00237503777168438391 
0.89606312759802242418 0.00000000100000000000 0.00608846180362791582 0.09784840859834982585 0.00000000100000000000 
0.89427800177567284834 0.00000000100000000000 0.00000000100000000000 0.10572199522432706997 0.00000000100000000000 
0.68122801545821975999 0.31739635276391853225 0.00116248011091923324 0.00000000100000000000 0.00021315066694245819 
0.65833984081951057998 0.00000004421350442316 0.11970738354681688398 0.15198911955712041122 0.06996361186304776714 
0.66918399935808792200 0.32823770338172730821 0.00257808702908673233 0.00000000100000000000 0.00000020923109809762 
0.84532104647185224433 0.00000000100000000000 0.00097009879117112272 0.15370885273697668105 0.00000000100000000000 
0.65738405787481557496 0.33542130308789319670 0.00719463703729130571 0.00000000100000000000 0.00000000100000000000 
0.80538604203486263700 0.00000000100000000000 0.01016151179040277429 0.18445244417473458109 0.00000000100000000000 
0.65458885200369754109 0.34541114499630243273 0.00000000100000000000 0.00000000100000000000 0.00000000100000000000 
0.82905769285247365996 0.00000000100000000000 0.01593115339932832039 0.14875579149380607769 0.00625536125439188784 
0.78678367676786453710 0.00000000100000000000 0.00000000100000000000 0.19905338790272641969 0.01416293332940912926 
0.74612824712542658023 0.01688240742904451377 0.00874969541853162086 0.21583279334698154961 0.01240685668001580318 
0.74457147277866575497 0.01738583787669263289 0.00000000100000000000 0.23804268734464156809 0.00000000100000000000 
0.84168296744464077275 0.00000000100000000000 0.00000000100000000000 0.15831702955535922883 0.00000000100000000000 
0.31674372141361806232 0.37294641120301114112 0.00542395766190642212 0.00000000100000000000 0.30488590872146431598 
0.56341436283331547408 0.43310305064711568379 0.00000000100000000000 0.00000000100000000000 0.00348258451956888742 
0.62436708152839548447 0.37562081789534940146 0.00000000100000000000 0.00000000100000000000 0.00001209857625513574 
0.61449981449908930298 0.38378185262836972402 0.00163938621960133912 0.00000000100000000000 0.00007894565293979743 
0.86519774114799730125 0.00000000100000000000 0.00000000100000000000 0.13480225585200272809 0.00000000100000000000 
0.64435601964424216170 0.35564397735575786763 0.00000000100000000000 0.00000000100000000000 0.00000000100000000000 
0.58140177083355992771 0.40601230045225844556 0.00000000100000000000 0.00000000100000000000 0.01258592671418171972 
0.60290302641280746343 0.38823672596974934113 0.00000891743254509169 0.00000000100000000000 0.00885132918489826837 
0.58695947991624086715 0.41251142546045888038 0.00000000100000000000 0.00000000100000000000 0.00052909262330020463 
0.91818034284921501431 0.00000000100000000000 0.00000000100000000000 0.08181965415078498727 0.00000000100000000000 
0.66911617859801753028 0.31710076343589105319 0.00000000100000000000 0.01378305596609132218 0.00000000100000000000 
0.26614396543851737142 0.00000000100000000000 0.00000000100000000000 0.73385603156148249138 0.00000000100000000000 
0.28543080930654163296 0.07008455362977163150 0.00000000100000000000 0.64448463506368669496 0.00000000100000000000 
0.27735626279688158080 0.29505644104755485158 0.00000000100000000000 0.42622684854242470776 0.00136044661313902086 
0.41305142353904933383 0.00000000100000000000 0.00031543352418076731 0.58663314093676988126 0.00000000100000000000 
0.30441014192461934851 0.31114880661077304325 0.00221936462240131596 0.38222168584220628240 0.00000000100000000000 
0.28551443711292162630 0.29470054323239025518 0.00000000100000000000 0.41978501765468823059 0.00000000100000000000 
0.24370663079063512035 0.31762457828166029694 0.00293414982684428362 0.43420036865857736252 0.00153427244228285589 
0.35544773226728026971 0.00000000100000000000 0.00399963912280985445 0.64055262660990963663 0.00000000100000000000 
0.16787028099862716379 0.34801231235698371069 0.00000000100000000000 0.48411740464438912657 0.00000000100000000000 
0.29857133264343743706 0.31149643837205287511 0.00000000100000000000 0.38993222698450968888 0.00000000100000000000 
0.22503821062463649771 0.35328223539825054367 0.00000000100000000000 0.42167955197711287640 0.00000000100000000000 
0.41895594210149261771 0.00000000100000000000 0.00000000100000000000 0.58104405489850730060 0.00000000100000000000 
0.16680813852040268785 0.32438534954191855508 0.00000000100000000000 0.50880650993767861934 0.00000000100000000000 
0.22510183554906748604 0.28782278631230151511 0.00000002778977754596 0.48707534934885338140 0.00000000100000000000 
0.30827303044544951405 0.32836738503263224187 0.00000000100000000000 0.33013135909874258278 0.03322822442317559244 
0.17038148194324032048 0.47705713531994015097 0.00494309557342972796 0.34761828616338968923 0.00000000100000000000 
0.00000000099999999999 0.99999999600000011313 0.00000000099999999999 0.00000000099999999999 0.00000000099999999999 
0.00000000099999999999 0.99999999366560465841 0.00000000099999999999 0.00000000333439535077 0.00000000099999999999 
0.00000000099999999999 0.99999999600000011313 0.00000000099999999999 0.00000000099999999999 0.00000000099999999999 
0.00000000099999999999 0.99999999600000000211 0.00000000099999999999 0.00000000099999999999 0.00000000099999999999 
0.00000000100000000000 0.99999999600000000211 0.00000000100000000000 0.00000000100000000000 0.00000000100000000000 
0.11650900447683981698 0.63103172535148766009 0.00000000100000000000 0.25245926817167235745 0.00000000100000000000 
0.00000000099999999999 0.99999999600000011313 0.00000000099999999999 0.00000000099999999999 0.00000000099999999999 
0.13294219467901641218 0.67109488753995460986 0.00000000100000000000 0.19596291578102914555 0.00000000100000000000 
0.00000000099999999999 0.99999999600000011313 0.00000000099999999999 0.00000000099999999999 0.00000000099999999999 
0.34782684600729835145 0.37187611379609519791 0.00000000100000000000 0.28029703819660628517 0.00000000100000000000 
0.42525721245268505166 0.00000000100000000000 0.00000000100000000000 0.57474278454731475563 0.00000000100000000000 
0.28010662515931761263 0.34773385977335863339 0.00000000100000000000 0.37215951306732358850 0.00000000100000000000 
0.50918586145064614890 0.00000000099999999999 0.00000000099999999999 0.49081413554935376942 0.00000000099999999999 
0.45479590812432579838 0.00000000100000000000 0.00000000100000000000 0.54520408887567406442 0.00000000100000000000 
0.40763327926788955891 0.00000000100000000000 0.00240186573938781052 0.58996485299272249936 0.00000000100000000000 
0.51478065328731181793 0.00000000099999999999 0.00000000099999999999 0.48521934371268810038 0.00000000099999999999 
0.43666136616516099123 0.00000000100000000000 0.00000000100000000000 0.56333863083483881606 0.00000000100000000000 
0.41343725361802080576 0.00000000100000000000 0.00000000100000000000 0.58656274338197922358 0.00000000100000000000 
0.46546735213399836883 0.00000000100000000000 0.00000000100000000000 0.53453264486600149397 0.00000000100000000000 
0.36610334201681771216 0.31190712645901574884 0.00000000100000000000 0.32198952952416654005 0.00000000100000000000 
0.34334666332489766072 0.33167527921735717733 0.00000000100000000000 0.32497805545774521851 0.00000000100000000000 
0.32923342161305962916 0.36932149458147967014 0.00000000100000000000 0.30144508180546053522 0.00000000100000000000 
0.43396367496968479838 0.00000000100000000000 0.00000000100000000000 0.56603632203031506442 0.00000000100000000000 
0.52049131678312743343 0.00000000099999999999 0.00000000099999999999 0.47950868021687242937 0.00000000099999999999 
0.42857471679008196652 0.00000000100000000000 0.00000000100000000000 0.57142528020991789628 0.00000000100000000000 
0.42798634512396199758 0.00000000100000000000 0.00000000100000000000 0.57201365187603792073 0.00000000100000000000 
0.55030299720845277101 0.00000000100000000000 0.00657274783575748350 0.44312425295578961038 0.00000000100000000000 
0.31426030205397736950 0.32993777942764307420 0.00000000100000000000 0.35580191651837950184 0.00000000100000000000 
0.26567333437352863568 0.34063607274533475033 0.00000000100000000000 0.39369059088113661504 0.00000000100000000000 
0.37560997812295132681 0.32533710837556384377 0.00000000100000000000 0.29833401426093425490 0.00071889824055056182 
0.47586986002705206067 0.00000000100000000000 0.00000000100000000000 0.52413013697294785764 0.00000000100000000000 
0.40067604852738958332 0.00000000099999999999 0.00000000099999999999 0.59932394847261027948 0.00000000099999999999 
0.49769598965287115133 0.00000000100000000000 0.00000000100000000000 0.50230400734712865596 0.00000000100000000000 
0.43187210934087011394 0.33064142173412486292 0.00000000100000000000 0.23748646692500488542 0.00000000100000000000 
0.48336891063729986451 0.30871730477095565837 0.00000000100000000000 0.20749361368734900446 0.00042016990439545704 
0.45066926003454349514 0.00000000100000000000 0.00000000100000000000 0.54933073696545653419 0.00000000100000000000 
0.00000000099999999999 0.00000000099999999999 0.00000000099999999999 0.99999999599999989108 0.00000000099999999999 
0.12297353422641761622 0.00000000100000000000 0.00000000100000000000 0.87702646277358231597 0.00000000100000000000 
0.00000000099999999999 0.35861697267038306070 0.00000000099999999999 0.64138302432961680211 0.00000000099999999999 
0.27740722781443782896 0.00000000100000000000 0.00000000342329154172 0.72259276676227068847 0.00000000100000000000 
0.47143339419252405786 0.41325402555862716936 0.00000000100000000000 0.11531257824884877383 0.00000000100000000000 
0.04023881403684479580 0.00000000099999999999 0.00000000099999999999 0.95976118296315515721 0.00000000099999999999 
0.00170173448266942146 0.00000000100000000000 0.00070469926716854058 0.99759356425016210146 0.00000000100000000000 
0.15362753716872035170 0.00000000099999999999 0.00000000099999999999 0.84637245983127962212 0.00000000099999999999 
0.03121810123793131511 0.00000000099999999999 0.00000000099999999999 0.96878189576206863443 0.00000000099999999999 
0.17910482895867002595 0.00000000100000000000 0.00000000100000000000 0.82089516804132989236 0.00000000100000000000 
0.06908818134275458711 0.00000000100000000000 0.00000000100000000000 0.93091181565724534508 0.00000000100000000000 
0.00000000100000000000 0.39115578419410734767 0.00000000100000000000 0.60884421280589251513 0.00000000100000000000 
0.00000000099999999999 0.34593822611544572387 0.00000000099999999999 0.65406177088455408342 0.00000000099999999999 
0.00000000100000000000 0.36781383068995049390 0.00000000100000000000 0.63218616631004953543 0.00000000100000000000 
0.10030131171351253094 0.00000000100000000000 0.00000000100000000000 0.89969868528648744288 0.00000000100000000000 
0.02406411475449911352 0.43230147863167650568 0.00000000100000000000 0.54363440461382428470 0.00000000100000000000 
0.06724213907397420809 0.00000000100000000000 0.00000000100000000000 0.93275785792602583513 0.00000000100000000000 
0.49112942045614871311 0.38178267017572764530 0.00000000100000000000 0.12691613346410232643 0.00017177490402136270 
0.06947964375601230202 0.00000000100000000000 0.00000000100000000000 0.93052035324398774119 0.00000000100000000000 
0.00000000099999999999 0.00000000099999999999 0.00000000099999999999 0.99999999599999989108 0.00000000099999999999 
0.11532836079590730316 0.00000000100000000000 0.00000000100000000000 0.88467163620409261515 0.00000000100000000000 
0.00000000099999999999 0.35851547678266321162 0.00000000099999999999 0.64148452021733670669 0.00000000099999999999 
0.12781750834248475912 0.00000000099999999999 0.00000000099999999999 0.87218248865751535348 0.00000000099999999999 
0.08755039784394530455 0.00000000099999999999 0.00000000099999999999 0.91244959915605461376 0.00000000099999999999 
0.72728364672082645992 0.27271635027917351390 0.00000000100000000000 0.00000000100000000000 0.00000000100000000000 
0.70906920777803295053 0.27842416370685685312 0.00000000100000000000 0.00000000100000000000 0.01250662651511031537 
0.69172544559561832678 0.28199452101043492869 0.00377876195678364868 0.00000000100000000000 0.02250127043716297973 
0.73724182616600675289 0.24634439253879261700 0.00490961821402179782 0.00000000100000000000 0.01150416208117905140 
0.21469099545387512751 0.28685608345698937471 0.00915907747277657121 0.46564918218985523746 0.02364466142650380881 
0.72367683509814584308 0.26194700833378936622 0.00000000100000000000 0.00000000100000000000 0.01437615456806481777 
0.74015900147439228629 0.25587084037491436561 0.00397015615069341507 0.00000000100000000000 0.00000000100000000000 
0.70951863564073291979 0.26875814727933572401 0.00876957292834403164 0.00000000100000000000 0.01295364315158738060 
0.73605247050088584704 0.25301032949636276248 0.00498292113596264866 0.00000000100000000000 0.00595427786678862959 
0.67626184982189052608 0.29835007767199794859 0.00376304938106220227 0.00000000100000000000 0.02162502212504921126 
0.38830217193310934132 0.00000000100000000000 0.00000000100000000000 0.61169782506689063251 0.00000000100000000000 
0.28333201220357201455 0.32612475704518761876 0.00000000100000000000 0.38419037225842384009 0.00635285749281643171 
0.26920207793584005618 0.32337310178840267261 0.00000000100000000000 0.40742481827575732778 0.00000000100000000000 
0.22593199760879206783 0.36820348014392179081 0.00000000100000000000 0.40586452024728608690 0.00000000100000000000 
0.37251887157802532347 0.00000000100000000000 0.00000000100000000000 0.62748112542197465036 0.00000000100000000000 
0.24067960901444840349 0.29132071880080179227 0.00158483124751276081 0.46641483993723681367 0.00000000100000000000 
0.44813528897618748470 0.00000000100000000000 0.00000000100000000000 0.55186470802381237810 0.00000000100000000000 
0.64338193111990948925 0.29013705163334030379 0.00000000100000000000 0.06648101524675015250 0.00000000100000000000 
0.25961967479822189997 0.00000000100000000000 0.00000000100000000000 0.74038032220177807385 0.00000000100000000000 
0.27665137071926632073 0.36014747085393378212 0.00071873801410602485 0.36248241941269371269 0.00000000100000000000 
0.25777352833287026090 0.29048423377239540599 0.00000000100000000000 0.45174223589473427865 0.00000000100000000000 
0.41103352696519412923 0.00000000100000000000 0.00000000100000000000 0.58896647003480584459 0.00000000100000000000 
0.36199488877638880124 0.00000000100000000000 0.00000000100000000000 0.63800510822361111707 0.00000000100000000000 
0.44221264538211985107 0.00000000100000000000 0.00656157451081215443 0.55122577810706796519 0.00000000100000000000 
0.27598244064318855351 0.04473328558867280952 0.00244278466597547955 0.67684148810216315795 0.00000000100000000000 
0.41303232290237484881 0.00000000099999999999 0.00000000099999999999 0.58696767409762495848 0.00000000099999999999 
0.36415788481453009728 0.00000000100000000000 0.00000000100000000000 0.63584211218546971001 0.00000000100000000000 
0.60154479524244708344 0.00000000099999999999 0.00000000099999999999 0.39845520175755289038 0.00000000099999999999 
0.34686028754870895652 0.00000000099999999999 0.00000000099999999999 0.65313970945129096179 0.00000000099999999999 
0.40030438592700773315 0.00000000100000000000 0.00000000100000000000 0.59969561107299207414 0.00000000100000000000 
0.40218815383870837321 0.00000000099999999999 0.00000000099999999999 0.59781184316129143408 0.00000000099999999999 
0.38572427707518169848 0.00000000100000000000 0.00379691540501980122 0.61047880551979838426 0.00000000100000000000 
0.43361235426532607207 0.00000000100000000000 0.00920714200483254211 0.55718050172984134871 0.00000000100000000000 
0.32183374646488033255 0.00000000100000000000 0.00242007115056515083 0.67574618038455447344 0.00000000100000000000 
0.38728444617207158363 0.00000000100000000000 0.00265442154358045031 0.61006113028434805212 0.00000000100000000000 
0.28547908361485019313 0.34584232707463519185 0.00000000100000000000 0.36867858731051472709 0.00000000100000000000 
0.74822068562086252452 0.24324061763830243099 0.00173857243812157686 0.00000000100000000000 0.00680012330271356248 
0.70653207505004755884 0.28012966334718686356 0.00000000100000000000 0.00000000100000000000 0.01333825960276571743 
0.69573638902649193039 0.28759936651046164036 0.00305755852937282828 0.00000000100000000000 0.01360668493367369475 
0.71358029273111822643 0.28641727167053365743 0.00000000100000000000 0.00000000100000000000 0.00000243359834808023 
0.16667165559146845943 0.83089931901564029193 0.00242902339289119938 0.00000000100000000000 0.00000000100000000000 
0.71439236954730356288 0.28560762745269641094 0.00000000100000000000 0.00000000100000000000 0.00000000100000000000 
0.69436898653419798499 0.28319127065397131648 0.00279191550529537527 0.00000000100000000000 0.01964782630653530079 
0.70859622658243481830 0.27628884333223896475 0.00000000100000000000 0.00000000100000000000 0.01511492808532616076 
0.69795287767045766092 0.28289280681602368972 0.00000000100000000000 0.00000000100000000000 0.01915431351351868858 
0.71975520005006099478 0.26201198651648149873 0.00000000100000000000 0.00000000100000000000 0.01823281143345757693 
0.99999999600000011313 0.00000000100000000000 0.00000000100000000000 0.00000000100000000000 0.00000000100000000000 
0.87602784263586275237 0.00000000100000000000 0.00000000100000000000 0.06361257024419197936 0.06035958511994535258 
0.92604493236072660256 0.00000000100000000000 0.00268918434571835657 0.05410661734755042168 0.01715926494600476457 
0.96514027676259717126 0.00000000100000000000 0.00000009990769003962 0.03485962132971281990 0.00000000100000000000 
0.97043392062895050820 0.00000000100000000000 0.01844465399806781425 0.01112142337298178615 0.00000000100000000000 
0.94474327110974043453 0.00000000100000000000 0.00884531194382704236 0.04641141494643261783 0.00000000100000000000 
0.99761128743594829071 0.00000000100000000000 0.00000000100000000000 0.00238870956405170566 0.00000000100000000000 
0.90316368846139960525 0.00000000100000000000 0.00000000100000000000 0.08826130081464315935 0.00857500872395727809 
0.95468080108835784436 0.00000000100000000000 0.00967310181358542291 0.03564609509805669041 0.00000000100000000000 
0.96173807197762628540 0.00000000100000000000 0.00469611405005823657 0.03356581197231543051 0.00000000100000000000 
0.84735251157658320054 0.00000000100000000000 0.00683405702872810772 0.14581342939468863729 0.00000000100000000000 
0.85046842695504776266 0.00000000100000000000 0.00876710924680340446 0.14076446179814872117 0.00000000100000000000 
0.72768253552482198288 0.06512897036759478231 0.00000000100000000000 0.18331873330509607101 0.02386975980248709842 
0.73233511933809325445 0.12433851680872777534 0.00000000100000000000 0.14015900213731624646 0.00316736071586289167 
0.59995347066783055734 0.39206328056442230068 0.00000000100000000000 0.00000000100000000000 0.00798324676774725406 
0.67827696189332764565 0.30112228008188868245 0.00000000100000000000 0.00000000100000000000 0.02060075602478378398 
0.65165437966014772009 0.33951760303251199424 0.00000000100000000000 0.00000000100000000000 0.00882801530734042723 
0.49929928467223677613 0.50063847141836093080 0.00006224190940226648 0.00000000100000000000 0.00000000100000000000 
0.64672659190124526241 0.35327340371251952922 0.00000000100000000000 0.00000000100000000000 0.00000000238623523339 
0.59666924804541709992 0.39753117327296694228 0.00579957668161588946 0.00000000100000000000 0.00000000100000000000 
0.59685787333457684944 0.39651380202527147789 0.00000000100000000000 0.00000000100000000000 0.00662832264015168413 
0.66934396388776762343 0.31951271987111923290 0.00226245719861014509 0.00000000100000000000 0.00888085804250295270 
0.67035392567485274640 0.31465995631398763210 0.00414288170559534881 0.00000000100000000000 0.01084323530556441026 
0.13691570824547036334 0.14243580891917095865 0.05402292184178836970 0.00000000100000000000 0.66662555999357042680 
0.78146727608689681155 0.00000000100000000000 0.00000000100000000000 0.21853272091310321779 0.00000000100000000000 
0.00000000099999999998 0.00000000099999999998 0.00000000099999999998 0.00000000099999999998 0.99999999600000000211 
0.19038626336051542309 0.00000000099999999999 0.00000000099999999999 0.00000000099999999999 0.80961373363948463400 
0.00000000099999999995 0.00000000099999999995 0.00000000099999999995 0.00000000099999999995 0.99999999600000000211 
0.00000000099999999996 0.00000000099999999996 0.00000000099999999996 0.00000000099999999996 0.99999999599999989108 
0.00000000099999999996 0.00000000099999999996 0.00000000099999999996 0.00000000099999999996 0.99999999599999989108 
0.00000000099999999996 0.00000000099999999996 0.00000000099999999996 0.00000000099999999996 0.99999999600000000211 
0.00000000099999999996 0.00000000099999999996 0.00000000099999999996 0.00000000099999999996 0.99999999600000000211 
