0.00000000099999999998 0.02591544968265965462 0.00000000099999999998 0.00000000099999999998 0.00000000099999999998 0.97408454431734026180 0.00000000099999999998 0.00000000099999999998 
0.00000000099999999999 0.00000000099999999999 0.00000000099999999999 0.00000000099999999999 0.00000000099999999999 0.75289529662030019175 0.24710469737969992243 0.00000000099999999999 
0.00000000099999999999 0.65654090362006012338 0.00000000099999999999 0.00000000099999999999 0.26630139434336064230 0.07700396545733667608 0.00000000099999999999 0.00015373257924271655 
0.00000072595184884554 0.46289794769600939306 0.00000000100000000000 0.00334266342308678919 0.33244352816922106975 0.11619051978176977991 0.00000000100000000000 0.08512461297806409033 
0.00000000099999999996 0.00000000099999999996 0.00000000099999999996 0.00000000099999999996 0.00000000099999999996 0.89243326658018840014 0.10756672741981146424 0.00000000099999999996 
0.01077533866742650705 0.47771425832147002000 0.00000000100000000000 0.00000000100000000000 0.20372907337465284705 0.21897986820916323647 0.00000000100000000000 0.08880145842728744132 
0.01103569224172380389 0.41767113633766994596 0.00000000669357733406 0.00026183168159614223 0.22776742289181226009 0.01721331243497075530 0.32605059671864972115 0.00000000100000000000 
0.00000000099999999999 0.00000807331760244776 0.00000000099999999999 0.00000000099999999999 0.00000000099999999999 0.72001270921272575443 0.27997921246967183428 0.00000000099999999999 
0.00000000100000000000 0.71862575014392537920 0.00000000100000000000 0.00000000100000000000 0.16511430558178205596 0.04888397769444005614 0.00000000100000000000 0.06737596257985264958 
0.00000000099999999998 0.00000000099999999998 0.00000000099999999998 0.00000000099999999998 0.00000000099999999998 0.99999999300000008695 0.00000000099999999998 0.00000000099999999998 
0.00001641498297344543 0.49548919239542038584 0.00000000100000000000 0.00205854915696136341 0.23687853117139817671 0.23300288213948508464 0.00000000100000000000 0.03255442815376143745 
0.00000000099999999999 0.59410315526053403268 0.00000000099999999999 0.00000000099999999999 0.25432851846661497230 0.10432884154009225419 0.00000000099999999999 0.04723948073275896498 
0.00000000099999999999 0.58222503652816626207 0.00000000099999999999 0.00000000099999999999 0.21683092261422709512 0.15054687773857092226 0.00000000099999999999 0.05039715911903578510 
0.00000000099999999999 0.47975513620156906569 0.00000000099999999999 0.00000000099999999999 0.32871526415014390432 0.14371459660659752222 0.00000000099999999999 0.04781499904168954457 
0.00000000099999999999 0.61386820845869871643 0.00000000099999999999 0.00000000099999999999 0.29588909023739740078 0.08697015959376559746 0.00000000099999999999 0.00327253771013818074 
0.00000000099999999997 0.00000000099999999997 0.00000000099999999997 0.00000000099999999997 0.00000000099999999997 0.99999999300000008695 0.00000000099999999997 0.00000000099999999997 
0.00000000099999999999 0.73754940284958836472 0.00000000099999999999 0.00000000099999999999 0.14625423522860442338 0.07294285842210682103 0.00000000099999999999 0.04325349949970055258 
0.00000000100000000000 0.57263734851054248765 0.00000000100000000000 0.00000000100000000000 0.00000000100000000000 0.00000065156641994224 0.42736199492303778014 0.00000000100000000000 
0.00000000099999999998 0.00000000099999999998 0.00000000099999999998 0.00000000099999999998 0.00000000099999999998 0.99999999299999997593 0.00000000099999999998 0.00000000099999999998 
0.00000000099999999996 0.00000000099999999996 0.00000000099999999996 0.00000000099999999996 0.00000000099999999996 0.99999999300000008695 0.00000000099999999996 0.00000000099999999996 
0.00000000099999999999 0.47944243500905736610 0.00000000099999999999 0.00000000099999999999 0.23987518240652030976 0.24667235441830814846 0.00000000099999999999 0.03401002416611417778 
0.00000000099999999999 0.52969184726951257236 0.00000000099999999999 0.00000000099999999999 0.35787556812961324182 0.11243257960087434111 0.00000000099999999999 0.00000000099999999999 
0.00000000099999999999 0.57943341477279231011 0.00000000099999999999 0.00000000099999999999 0.26016258242200551720 0.13238265991693087820 0.00000000099999999999 0.02802133888827142150 
0.00000003972727435199 0.47490950571518980583 0.00000000100000000000 0.00000000100000000000 0.17758063256885969761 0.00063843064758633725 0.34687138834108977026 0.00000000100000000000 
0.00000000099999999997 0.00000000099999999997 0.00000000099999999997 0.00000000099999999997 0.00000000099999999997 0.99999999299999997593 0.00000000099999999997 0.00000000099999999997 
0.00000000099999999999 0.08675196775384659553 0.00000000099999999999 0.00000000099999999999 0.00000000099999999999 0.61928316286677553837 0.29396486437937774383 0.00000000099999999999 
0.00000000099999999997 0.00000000099999999997 0.00000000099999999997 0.00000000099999999997 0.00000000099999999997 0.99999999299999997593 0.00000000099999999997 0.00000000099999999997 
0.00000000099999999998 0.00000000099999999998 0.00000000099999999998 0.00000000099999999998 0.00000000099999999998 0.00000000099999999998 0.35044245490320674596 0.64955753909679336822 
0.00000000099999999998 0.00000000099999999998 0.00000000099999999998 0.00000000099999999998 0.00000000099999999998 0.00000000099999999998 0.26395503514972823433 0.73604495885027176882 
0.00000000099999999997 0.00000000099999999997 0.00000000099999999997 0.00000000099999999997 0.00000000099999999997 0.00000000099999999997 0.00000000099999999997 0.99999999300000008695 
0.00000000099999999998 0.00000000099999999998 0.00000000099999999998 0.00000000099999999998 0.00000000099999999998 0.00000000099999999998 0.29130572298432894085 0.70869427101567106231 
0.00000000099999999998 0.00000000099999999998 0.00000000099999999998 0.00000000099999999998 0.00000000099999999998 0.00000000099999999998 0.31366237520579187681 0.68633761879420807084 
0.00000000099999999999 0.03965438771999018480 0.00000000099999999999 0.02423493738150420476 0.00000000099999999999 0.00000000099999999999 0.00000000099999999999 0.93611066989850566511 
0.00000000099999999998 0.00000000099999999998 0.00000000099999999998 0.00000000099999999998 0.00000000099999999998 0.00000000099999999998 0.28582358895112131014 0.71417640504887880404 
0.00000000099999999998 0.00000000099999999998 0.00000000099999999998 0.00000000099999999998 0.00000000099999999998 0.00000000099999999998 0.00000000099999999998 0.99999999300000008695 
0.00000000099999999999 0.00005699774119808985 0.00000000099999999999 0.00000000099999999999 0.00000000099999999999 0.00000000099999999999 0.00000000099999999999 0.99994299625880189719 
0.00000000099999999998 0.00000000099999999998 0.00000000099999999998 0.00000000099999999998 0.00000000099999999998 0.00000000099999999998 0.00000000099999999998 0.99999999300000008695 
0.00000000099999999998 0.00000000099999999998 0.00000000099999999998 0.00000000099999999998 0.00000000099999999998 0.00000000099999999998 0.28337629771573508153 0.71662369628426481061 
0.00000000099999999997 0.00000000099999999997 0.00000000099999999997 0.00000000099999999997 0.00000000099999999997 0.00000000099999999997 0.00000000099999999997 0.99999999299999997593 
0.00000000099999999999 0.19831988418824708642 0.00000000099999999999 0.00000000099999999999 0.00000000099999999999 0.00000000099999999999 0.00000000099999999999 0.80168010981175286123 
0.00000000099999999999 0.23661009643116009959 0.00000000099999999999 0.00000000099999999999 0.01101812789608183629 0.20153599337272617986 0.00000000099999999999 0.55083577830003194187 
0.00554640146212228517 0.00000037067212738278 0.00000000100000000000 0.00994330991020687949 0.00000000100000000000 0.12113995878915310989 0.41535661847202226538 0.44801333869436810176 
0.00000000099999999998 0.00000000099999999998 0.00000000099999999998 0.00000000099999999998 0.00000000099999999998 0.00000000099999999998 0.00000000099999999998 0.99999999299999997593 
0.00000000099999999999 0.00000000099999999999 0.00000000099999999999 0.00000000099999999999 0.00000000099999999999 0.00000000099999999999 0.27101464534074076740 0.72898534865925923576 
0.00000000099999999997 0.00000000099999999997 0.00000000099999999997 0.00000000099999999997 0.00000000099999999997 0.00000000099999999997 0.00000000099999999997 0.99999999300000008695 
0.00000000099999999997 0.00000000099999999997 0.00000000099999999997 0.00000000099999999997 0.00000000099999999997 0.00000000099999999997 0.00000000099999999997 0.99999999300000008695 
0.00000000099999999999 0.06487121539095927480 0.00000000099999999999 0.00000000099999999999 0.10090372452632886957 0.00000000099999999999 0.39980393306443873236 0.43442112301827306986 
0.00000000099999999998 0.00000000099999999998 0.00000000099999999998 0.00000000099999999998 0.00000000099999999998 0.00000000099999999998 0.25576015920773870205 0.74423983479226141213 
0.00000000099999999999 0.04028341354668812935 0.00000000099999999999 0.00000000099999999999 0.00000000099999999999 0.00000000099999999999 0.46269170718923258168 0.49702487426407937487 
0.00000000099999999999 0.26811829808275755571 0.00000000099999999999 0.00000000099999999999 0.24112636649928761989 0.00000451061731236180 0.00000000099999999999 0.49075082080064241774 
0.00000000099999999999 0.26491623900187522000 0.00000000099999999999 0.00035738226144779419 0.17808543619932543089 0.00000000099999999999 0.00000000099999999999 0.55664093853735141515 
0.00000000100000000000 0.26312448138543520493 0.00000000100000000000 0.00004041861288608085 0.20708630731399033098 0.00000156002085882460 0.00000000100000000000 0.52974722966682952219 
0.00000000099999999999 0.27761134442162654912 0.00000000099999999999 0.00000000099999999999 0.18963924191190667523 0.01054082258863405647 0.00000000099999999999 0.52220858707783257557 
0.00000000099999999999 0.00000000099999999999 0.00000000099999999999 0.00000000099999999999 0.00001402200995743497 0.00000000099999999999 0.39566445590905985341 0.60432151708098280629 
0.00000000099999999999 0.13674852651645588719 0.00000000099999999999 0.00000000099999999999 0.20400260776076115099 0.00000075708275124641 0.00000000099999999999 0.65924810464003158472 
0.00000000099999999999 0.00000000159568174585 0.00000000099999999999 0.00000000099999999999 0.00022468151237784391 0.00000000099999999999 0.49884179014719598477 0.50093352274474434171 
0.00000000099999999999 0.07136620593587962580 0.00000000099999999999 0.00000000099999999999 0.07498507404598174497 0.00000074609515230246 0.38706601941336954420 0.46658195150961684350 
0.00000000100000000000 0.12581136582974289384 0.00000000100000000000 0.00398155508598740243 0.05334361304468364373 0.00000000100000000000 0.38984919111140414749 0.42701427192818203205 
0.00000000099999999999 0.24682520428700036041 0.00000000099999999999 0.00000000099999999999 0.24140393344470664760 0.00329028912414144588 0.00000000099999999999 0.50848056914415162844 
0.00000000117985036803 0.12251201241751853710 0.00000000100000000000 0.01651105498156923285 0.26690062809904679941 0.11501664001033434781 0.00000000100000000000 0.47905966131168076227 
0.00000000099999999999 0.22234411766557293788 0.00000000099999999999 0.00000000099999999999 0.22772023943097596810 0.02536107866557548926 0.00000000099999999999 0.52457456023787540911 
0.00000000099999999999 0.22109553378073307228 0.00000000099999999999 0.00000000099999999999 0.26710898668823457314 0.00000000132474633603 0.00000000099999999999 0.51179547420628590526 
0.00000000100000000000 0.14258758719781364221 0.00000000100000000000 0.00000002232948683064 0.01337450526214666556 0.00000000100000000000 0.41182227986442998535 0.43221560234612282914 
0.00000000099999999999 0.19585171402308129696 0.00000000099999999999 0.00000000099999999999 0.33852206935750350780 0.00010307403941273262 0.00000000099999999999 0.46552313858000249347 
0.00000000099999999999 0.27523637252574256751 0.00000000099999999999 0.00117375661818038620 0.23086805816667810287 0.00000061216171502506 0.00000000099999999999 0.49272119752768400724 
0.00000000099999999999 0.04557207495733132246 0.00000000099999999999 0.00000000099999999999 0.16222120648371282647 0.00000000099999999999 0.34157907699900863507 0.45062763755994716952 
0.00000000099999999999 0.14766258376764765381 0.00000000099999999999 0.00000000099999999999 0.10087648967541096301 0.06075811765936529191 0.00000000099999999999 0.69070280489757607256 
0.00000000099999999999 0.26001690235358904113 0.00000000099999999999 0.00000000099999999999 0.28519444796117437990 0.00002225618228551675 0.00000000099999999999 0.45476638950295106278 
0.00000000100000000000 0.00241131739450904832 0.00000000100000000000 0.00000000100000000000 0.12896518520229210969 0.00000000100000000000 0.44772043549701323606 0.42090305790618570692 
0.99999999300000019797 0.00000000099999999996 0.00000000099999999996 0.00000000099999999996 0.00000000099999999996 0.00000000099999999996 0.00000000099999999996 0.00000000099999999996 
0.82220634903999456622 0.00000000099999999997 0.00000000099999999997 0.17779364496000563123 0.00000000099999999997 0.00000000099999999997 0.00000000099999999997 0.00000000099999999997 
0.99999999300000008695 0.00000000099999999996 0.00000000099999999996 0.00000000099999999996 0.00000000099999999996 0.00000000099999999996 0.00000000099999999996 0.00000000099999999996 
0.99999999300000008695 0.00000000099999999995 0.00000000099999999995 0.00000000099999999995 0.00000000099999999995 0.00000000099999999995 0.00000000099999999995 0.00000000099999999995 
0.99999999300000019797 0.00000000099999999994 0.00000000099999999994 0.00000000099999999994 0.00000000099999999994 0.00000000099999999994 0.00000000099999999994 0.00000000099999999994 
0.99999999300000008695 0.00000000099999999995 0.00000000099999999995 0.00000000099999999995 0.00000000099999999995 0.00000000099999999995 0.00000000099999999995 0.00000000099999999995 
0.99999999300000019797 0.00000000099999999993 0.00000000099999999993 0.00000000099999999993 0.00000000099999999993 0.00000000099999999993 0.00000000099999999993 0.00000000099999999993 
0.99999999300000019797 0.00000000099999999995 0.00000000099999999995 0.00000000099999999995 0.00000000099999999995 0.00000000099999999995 0.00000000099999999995 0.00000000099999999995 
0.99998918971172312542 0.00000000099999999996 0.00000000099999999996 0.00001080428827694911 0.00000000099999999996 0.00000000099999999996 0.00000000099999999996 0.00000000099999999996 
0.98548609348141369413 0.00000000099999999995 0.00000000099999999995 0.01451390051858637668 0.00000000099999999995 0.00000000099999999995 0.00000000099999999995 0.00000000099999999995 
0.99999999300000008695 0.00000000099999999995 0.00000000099999999995 0.00000000099999999995 0.00000000099999999995 0.00000000099999999995 0.00000000099999999995 0.00000000099999999995 
0.99999999300000019797 0.00000000099999999994 0.00000000099999999994 0.00000000099999999994 0.00000000099999999994 0.00000000099999999994 0.00000000099999999994 0.00000000099999999994 
0.99120575957402423661 0.00000000099999999996 0.00000000099999999996 0.00879423442597597818 0.00000000099999999996 0.00000000099999999996 0.00000000099999999996 0.00000000099999999996 
0.99999999300000019797 0.00000000099999999996 0.00000000099999999996 0.00000000099999999996 0.00000000099999999996 0.00000000099999999996 0.00000000099999999996 0.00000000099999999996 
0.99999999300000019797 0.00000000099999999995 0.00000000099999999995 0.00000000099999999995 0.00000000099999999995 0.00000000099999999995 0.00000000099999999995 0.00000000099999999995 
0.99999999300000008695 0.00000000099999999994 0.00000000099999999994 0.00000000099999999994 0.00000000099999999994 0.00000000099999999994 0.00000000099999999994 0.00000000099999999994 
0.73194882129911986723 0.00000000099999999997 0.26805117270088030246 0.00000000099999999997 0.00000000099999999997 0.00000000099999999997 0.00000000099999999997 0.00000000099999999997 
0.99999999300000008695 0.00000000099999999993 0.00000000099999999993 0.00000000099999999993 0.00000000099999999993 0.00000000099999999993 0.00000000099999999993 0.00000000099999999993 
0.00000000099999999998 0.00000000099999999998 0.00000000099999999998 0.00000000099999999998 0.71473825682987002228 0.00000000099999999998 0.28526173717012986986 0.00000000099999999998 
0.00000000099999999998 0.00000000099999999998 0.00000000099999999998 0.00000000099999999998 0.70150397444235101929 0.00000000099999999998 0.29849601955764892836 0.00000000099999999998 
0.00000000099999999998 0.00000000099999999998 0.00000000099999999998 0.00000000099999999998 0.70415196793524070795 0.00000000099999999998 0.29584802606475923969 0.00000000099999999998 
0.00000000099999999998 0.00000000099999999998 0.00000000099999999998 0.00000000099999999998 0.67776774584637800025 0.00000000099999999998 0.32223224815362194740 0.00000000099999999998 
0.00000000099999999998 0.00000000099999999998 0.00000000099999999998 0.00000000099999999998 0.74866549385932734673 0.00000000099999999998 0.25133450014067254541 0.00000000099999999998 
0.00000000099999999998 0.00000000099999999998 0.00000000099999999998 0.00000000099999999998 0.99999999300000008695 0.00000000099999999998 0.00000000099999999998 0.00000000099999999998 
0.00000000099999999999 0.00000000099999999999 0.00000000099999999999 0.00000000099999999999 0.91704171419421331990 0.06479470779543176906 0.00000000099999999999 0.01816357301035510796 
0.00000000099999999999 0.00000000099999999999 0.00000000099999999999 0.00000000099999999999 0.99999999299999997593 0.00000000099999999999 0.00000000099999999999 0.00000000099999999999 
0.00000000099999999999 0.00000000099999999999 0.00000000099999999999 0.00000000099999999999 0.99999823625222794554 0.00000175774777210814 0.00000000099999999999 0.00000000099999999999 
0.00000000099999999997 0.00000000099999999997 0.00000000099999999997 0.00000000099999999997 0.73563855706978698024 0.00000000099999999997 0.26436143693021302292 0.00000000099999999997 
0.00000000099999999998 0.00000000099999999998 0.00000000099999999998 0.00000000099999999998 0.71317622509413625131 0.00000000099999999998 0.28682376890586380735 0.00000000099999999998 
0.00000000099999999998 0.00000000099999999998 0.00000000099999999998 0.00000000099999999998 0.74981591056090890479 0.00000000099999999998 0.25018408343909098734 0.00000000099999999998 
0.00000000099999999999 0.00000000099999999999 0.00000000099999999999 0.00000000099999999999 0.99999999299999997593 0.00000000099999999999 0.00000000099999999999 0.00000000099999999999 
0.00000000099999999998 0.00000000099999999998 0.00000000099999999998 0.00000000099999999998 0.99999999300000008695 0.00000000099999999998 0.00000000099999999998 0.00000000099999999998 
0.00000000099999999998 0.00000000099999999998 0.00000000099999999998 0.00000000099999999998 0.99999999300000008695 0.00000000099999999998 0.00000000099999999998 0.00000000099999999998 
0.00000000099999999999 0.00000000099999999999 0.00000000099999999999 0.00000000099999999999 0.99999999300000008695 0.00000000099999999999 0.00000000099999999999 0.00000000099999999999 
0.00000000099999999999 0.00000002593070375504 0.00000000099999999999 0.00000000099999999999 0.99999996806929636328 0.00000000099999999999 0.00000000099999999999 0.00000000099999999999 
0.00000000099999999998 0.00000000099999999998 0.00000000099999999998 0.00000000099999999998 0.99999999300000008695 0.00000000099999999998 0.00000000099999999998 0.00000000099999999998 
0.00000000099999999999 0.00000000099999999999 0.00000000099999999999 0.00000000099999999999 0.94953374619960684289 0.00000000099999999999 0.00000000099999999999 0.05046624780039311170 
0.00000000099999999999 0.00000000099999999999 0.00000000099999999999 0.00000000099999999999 0.99999999299999997593 0.00000000099999999999 0.00000000099999999999 0.00000000099999999999 
0.00000000100000000000 0.71720457891082078916 0.00000000100000000000 0.00000000100000000000 0.08178579015551408482 0.06068134334726529161 0.00000000100000000000 0.14032828358639998223 
0.00000000099999999999 0.68419936811933312892 0.01246106880373966559 0.00000000099999999999 0.00000000099999999999 0.00709248337987042517 0.29624707569705666099 0.00000000099999999999 
0.00000000099999999999 0.60751398150616575666 0.00000000099999999999 0.00000000099999999999 0.00000000099999999999 0.00000000099999999999 0.39248601249383430201 0.00000000099999999999 
0.00000000099999999999 0.64706371804610396392 0.00000000099999999999 0.00000000099999999999 0.00000000099999999999 0.00000000099999999999 0.35293627595389615026 0.00000000099999999999 
0.05470258537384417585 0.62089948332145572518 0.00000000100000000000 0.00237961255732188843 0.00000000100000000000 0.00000000100000000000 0.32201831474737835359 0.00000000100000000000 
0.01647955557745161420 0.51705540631422286513 0.00000286542170903973 0.00000030531303053099 0.00000000100000000000 0.07325959421136975236 0.33201660591482279328 0.06118566624739342485 
0.00000000099999999999 0.63741929201642533176 0.00000000099999999999 0.00000000099999999999 0.00000000099999999999 0.00000544283501742869 0.36257526014855723240 0.00000000099999999999 
0.19156499513041105875 0.25021449055126948613 0.00000000099999999999 0.55821918792163216505 0.00000000099999999999 0.00000132239668722522 0.00000000099999999999 0.00000000099999999999 
0.00000000099999999979 0.00000000099999999979 0.00000000099999999979 0.99999999299999997593 0.00000000099999999979 0.00000000099999999979 0.00000000099999999979 0.00000000099999999979 
0.00000000099999999999 0.01234747436743136549 0.00000000099999999999 0.00000000099999999999 0.95753451270452094590 0.03011800792804748828 0.00000000099999999999 0.00000000099999999999 
0.00000000099999999999 0.00000000099999999999 0.00000000099999999999 0.00000000099999999999 0.99999999300000008695 0.00000000099999999999 0.00000000099999999999 0.00000000099999999999 
0.00000000099999999999 0.00000000099999999999 0.00000000099999999999 0.00000000099999999999 0.99999999300000008695 0.00000000099999999999 0.00000000099999999999 0.00000000099999999999 
0.00000000099999999982 0.00000000099999999982 0.00000000099999999982 0.99999999300000008695 0.00000000099999999982 0.00000000099999999982 0.00000000099999999982 0.00000000099999999982 
0.21797516185150844770 0.00000000099999999999 0.00000000099999999999 0.78202483214849149995 0.00000000099999999999 0.00000000099999999999 0.00000000099999999999 0.00000000099999999999 
0.00000000099999999979 0.00000000099999999979 0.00000000099999999979 0.99999999299999997593 0.00000000099999999979 0.00000000099999999979 0.00000000099999999979 0.00000000099999999979 
0.00000000099999999988 0.00000000099999999988 0.00000000099999999988 0.99999999300000008695 0.00000000099999999988 0.00000000099999999988 0.00000000099999999988 0.00000000099999999988 
0.00000000099999999998 0.00000000099999999998 0.00000000099999999998 0.82927952141929028862 0.00000000099999999998 0.00000000099999999998 0.00000000099999999998 0.17072047258070968678 
0.23753435963505378781 0.20595959704830446579 0.00000000099999999999 0.55650603831664191556 0.00000000099999999999 0.00000000099999999999 0.00000000099999999999 0.00000000099999999999 
0.37255549399703946634 0.13288423242970437421 0.00006797716844280342 0.49449229240481329395 0.00000000099999999999 0.00000000099999999999 0.00000000099999999999 0.00000000099999999999 
0.00000000099999999978 0.00000000099999999978 0.00000000099999999978 0.99999999300000008695 0.00000000099999999978 0.00000000099999999978 0.00000000099999999978 0.00000000099999999978 
0.00000000099999999979 0.00000000099999999979 0.00000000099999999979 0.99999999299999997593 0.00000000099999999979 0.00000000099999999979 0.00000000099999999979 0.00000000099999999979 
0.00000000099999999996 0.00000000099999999996 0.00000000099999999996 0.99999999299999997593 0.00000000099999999996 0.00000000099999999996 0.00000000099999999996 0.00000000099999999996 
0.00000000099999999980 0.00000000099999999980 0.00000000099999999980 0.99999999299999997593 0.00000000099999999980 0.00000000099999999980 0.00000000099999999980 0.00000000099999999980 
0.00000000099999999984 0.00000000099999999984 0.00000000099999999984 0.99999999299999997593 0.00000000099999999984 0.00000000099999999984 0.00000000099999999984 0.00000000099999999984 
0.00000000099999999990 0.00000000099999999990 0.00000000099999999990 0.99999999300000008695 0.00000000099999999990 0.00000000099999999990 0.00000000099999999990 0.00000000099999999990 
0.00000000099999999998 0.00000000099999999998 0.00000000099999999998 0.00000000099999999998 0.71636075072242255679 0.00000000099999999998 0.28363924327757744637 0.00000000099999999998 
0.00000000099999999998 0.00000000099999999998 0.00000000099999999998 0.00000000099999999998 0.69596298370795051103 0.00000000099999999998 0.30403701029204949213 0.00000000099999999998 
0.00000000099999999998 0.00000000099999999998 0.00000000099999999998 0.00000000099999999998 0.70420950389259640012 0.00000000099999999998 0.29579049010740349201 0.00000000099999999998 
0.00000000099999999998 0.00000000099999999998 0.00000000099999999998 0.00000000099999999998 0.71127229728431640154 0.00000000099999999998 0.28872769671568360161 0.00000000099999999998 
0.00000000099999999998 0.00000000099999999998 0.00000000099999999998 0.00000000099999999998 0.73069416362023043021 0.00000000099999999998 0.26930583037976951744 0.00000000099999999998 
0.00000000099999999998 0.00000000099999999998 0.00000000099999999998 0.00000000099999999998 0.67398171380904381422 0.00000000099999999998 0.32601828019095602240 0.00000000099999999998 
0.00000000099999999999 0.00000258756105527629 0.00000000099999999999 0.00000000099999999999 0.99999740643894474701 0.00000000099999999999 0.00000000099999999999 0.00000000099999999999 
0.00000000099999999998 0.00000000099999999998 0.00000000099999999998 0.00000000099999999998 0.69628353565301193129 0.00000000099999999998 0.30371645834698801636 0.00000000099999999998 
0.00000000099999999998 0.00000000099999999998 0.00000000099999999998 0.00000000099999999998 0.99999999299999997593 0.00000000099999999998 0.00000000099999999998 0.00000000099999999998 
0.00000000099999999999 0.00000000099999999999 0.00000000099999999999 0.00000000099999999999 0.99999999300000008695 0.00000000099999999999 0.00000000099999999999 0.00000000099999999999 
0.00000000099999999999 0.00000000099999999999 0.00000000099999999999 0.00000000099999999999 0.99998554940495898435 0.00000000099999999999 0.00000000099999999999 0.00001444459504114359 
0.00000000099999999999 0.27512531485062391434 0.00000000099999999999 0.00000000099999999999 0.72472876364072758015 0.00000000099999999999 0.00000000099999999999 0.00014591650864860937 
0.00000000099999999999 0.00000000099999999999 0.00000000099999999999 0.00000000099999999999 0.99999999299999997593 0.00000000099999999999 0.00000000099999999999 0.00000000099999999999 
0.00000000099999999999 0.00091115004100944400 0.00000000099999999999 0.00000000099999999999 0.99908884395899066888 0.00000000099999999999 0.00000000099999999999 0.00000000099999999999 
0.00000000099999999999 0.02371689202809829783 0.00000000099999999999 0.00000000099999999999 0.97609562903375923781 0.00000000099999999999 0.00000000099999999999 0.00018747393814262835 
0.00000000099999999998 0.00000000099999999998 0.00000000099999999998 0.00000000099999999998 0.71972742281691004518 0.00000000099999999998 0.28027257118308995798 0.00000000099999999998 
0.00000000099999999998 0.00000000099999999998 0.00000000099999999998 0.00000000099999999998 0.71626696539840128963 0.00000000099999999998 0.28373302860159865801 0.00000000099999999998 
0.00000000099999999998 0.00000000099999999998 0.00000000099999999998 0.00000000099999999998 0.73510682020050566177 0.00000000099999999998 0.26489317379949417486 0.00000000099999999998 
0.00000000100000000000 0.58385220745513133345 0.00000000100000000000 0.00000000100000000000 0.00000006018246639901 0.00000000100000000000 0.32077499231460637752 0.09537273604779607228 
0.00000000099999999999 0.59799424314080906750 0.00000000099999999999 0.00000000099999999999 0.00000000099999999999 0.00000000099999999999 0.40200469964586521554 0.00000105221332590237 
0.00000000099999999999 0.96333004288619061839 0.00000000099999999999 0.00000000099999999999 0.00000000099999999999 0.00000000099999999999 0.00000000099999999999 0.03666995111380957212 
0.00000000100000000000 0.61646569380113058756 0.00000000100000000000 0.00000000100000000000 0.00000000100000000000 0.00326194627628687093 0.35635246706661383165 0.02391988885596878917 
0.00000000099999999999 0.59415698979693731818 0.00000000099999999999 0.00000000099999999999 0.00000000099999999999 0.00000000099999999999 0.40584300420306274049 0.00000000099999999999 
0.00000000099999999999 0.59791003134654385764 0.00000000099999999999 0.00000000099999999999 0.00000000099999999999 0.00000000099999999999 0.38927675714175696831 0.01281320651169931372 
0.00000000099999999999 0.57691009741263521438 0.00000000099999999999 0.00000000099999999999 0.00000000099999999999 0.00000000099999999999 0.42308989658736501083 0.00000000099999999999 
0.00000000099999999999 0.65443840436915856618 0.00000000099999999999 0.00000000099999999999 0.00000000099999999999 0.00000000099999999999 0.34556158963084149249 0.00000000099999999999 
0.00000112201517352549 0.59887208837397354344 0.00000000100000000000 0.00005042385555926148 0.00000000100000000000 0.00000028757909079430 0.40107604669484814286 0.00000002948135480261 
0.00000000100000000000 0.61270710840765330030 0.00000000100000000000 0.00000000100000000000 0.00000000100000000000 0.00000000100000000000 0.38727296093707380686 0.00001992565527303114 
0.00000000100000000000 0.64463655252702156684 0.00000000100000000000 0.00000000100000000000 0.00000000100000000000 0.23661353579529048607 0.00000424017727747636 0.11874566750041072594 
0.00000000099999999999 0.86598628316185988218 0.00000000099999999999 0.00000000099999999999 0.05490714705846966304 0.00000000099999999999 0.00000000099999999999 0.07910656477967055455 
0.00000000099999999999 0.62396751157961916068 0.00000000099999999999 0.00966844693737426569 0.00000000099999999999 0.00000620194480619877 0.36635783553820050473 0.00000000099999999999 
0.00000000100000000000 0.66709533639996021481 0.00000000100000000000 0.00000000100000000000 0.00000000100000000000 0.00000000100000000000 0.33290465760003995488 0.00000000100000000000 
0.00000000100000000000 0.61520208460598269085 0.00000000100000000000 0.00000000100000000000 0.00000000100000000000 0.00000000269279073778 0.38479790770122657140 0.00000000100000000000 
0.00000000100000000000 0.79459833514257149911 0.00000000100000000000 0.00000000610559472557 0.04613772917248833844 0.15738302781044974377 0.00000000100000000000 0.00188089876889581831 
0.00000000100000000000 0.68075055502061021517 0.00000000100000000000 0.00000000100000000000 0.00000000100000000000 0.21585077339228717075 0.00000000100000000000 0.10339866658710282488 
0.00000000100000000000 0.66943893723135139417 0.00000000100000000000 0.00000000100000000000 0.00000000100000000000 0.00095563265961412676 0.32960542510903445557 0.00000000100000000000 
0.00711929389430938225 0.56946468531994920426 0.05945524094149520766 0.11344689014449588216 0.01863812354704012797 0.10475072440040357480 0.00000000100000000000 0.12712504075230690592 
0.00000000100000000000 0.61897756726562025431 0.00000000100000000000 0.00000000100000000000 0.00000000100000000000 0.04530362198043932920 0.33571880575394047463 0.00000000100000000000 
0.00000000100000000000 0.59659231958318048594 0.00000000100000000000 0.00000000100000000000 0.00547565756314481906 0.24988657039938158566 0.00000000100000000000 0.14804544845429304378 
0.00000000099999999999 0.64229463916442164351 0.00000000099999999999 0.00260968641066210583 0.00000000099999999999 0.00000056834099039962 0.35509510208392586206 0.00000000099999999999 
0.00000000099999999999 0.87143719647607154055 0.00000000099999999999 0.00327948805957272880 0.12528322486713977524 0.00000000099999999999 0.00000000099999999999 0.00000008659721605115 
0.00000000100000000000 0.64145090304310137252 0.00000000100000000000 0.00000000100000000000 0.00000000100000000000 0.00474331418499150843 0.35380577777190713729 0.00000000100000000000 
0.00790712450406446006 0.79000984803301532722 0.00000000100000000000 0.01067983040734157840 0.08151366393230576046 0.09878712468238531885 0.00000000100000000000 0.01110240644088760983 
0.03322442261977105044 0.58354715976574844660 0.00000000100000000000 0.00000000100000000000 0.07877008569799641424 0.19601516329237445024 0.00000000100000000000 0.10844316562410968863 
0.00000000216139954919 0.65620340390156872701 0.00450143777733631907 0.00638383584771138289 0.04293448729967522248 0.10758609996721797686 0.00000000100000000000 0.18239073204509068105 
0.00000000099999999999 0.77312018420824968334 0.00000000099999999999 0.00000000099999999999 0.13214838278967122598 0.00000000903216134831 0.00000000099999999999 0.09473141996991781000 
0.00000000099999999999 0.87071048907137316153 0.00000000099999999999 0.00000000099999999999 0.05880422023508284635 0.00303205378272866123 0.00000000099999999999 0.06745323291081549433 
0.00000000099999999998 0.00000000099999999998 0.33087546209769486127 0.00000000099999999998 0.00000000099999999998 0.00000000099999999998 0.66912453190230491984 0.00000000099999999998 
0.00000000100000000000 0.54828055640970696505 0.00000000100000000000 0.00000000100000000000 0.00000000100000000000 0.00000237955420504429 0.39533023887608242930 0.05638682116000579697 
0.00000000099999999999 0.61995008536822171497 0.00000000099999999999 0.00000000099999999999 0.00000000099999999999 0.00000000099999999999 0.38004990863177839922 0.00000000099999999999 
0.00000000099999999999 0.61505155217171170179 0.00000000099999999999 0.00000000099999999999 0.00000000099999999999 0.00000000099999999999 0.38494844182828841239 0.00000000099999999999 
0.00000000099999999999 0.20776963842769297086 0.00000000099999999999 0.00000000099999999999 0.00000000099999999999 0.10430175996238638669 0.68792859660992056181 0.00000000099999999999 
0.00000000099999999999 0.61383840122902666447 0.00000000099999999999 0.00000000099999999999 0.00000000099999999999 0.00011555494971090150 0.38604603882126248271 0.00000000099999999999 
0.00000000099999999999 0.61490523312737432882 0.00000000099999999999 0.00000000099999999999 0.00000000099999999999 0.00000000099999999999 0.38509476087262578536 0.00000000099999999999 
0.00000000100000000000 0.59949933286954382172 0.00000000598159747644 0.00000000100000000000 0.00000000100000000000 0.00000000127525323922 0.40049999725740698109 0.00000065961619858367 
0.00000000100000000000 0.60334084325671433202 0.00000000100000000000 0.00000000100000000000 0.00000002221294305165 0.00000000100000000000 0.34143116155199471073 0.05522796897834785640 
0.00000000099999999999 0.98206211342423188615 0.00000000099999999999 0.00000000099999999999 0.00000001361466696506 0.00000000099999999999 0.00000000099999999999 0.01793786796110133364 
0.00000000099999999999 0.64395015618567474913 0.00000000099999999999 0.00000000099999999999 0.00000008326023936266 0.00223772893612183589 0.35381202761796404221 0.00000000099999999999 
0.00000000099999999999 0.00000000099999999999 0.00000000099999999999 0.00000000099999999999 0.63537833662423315317 0.36462165146082820000 0.00000000099999999999 0.00000000691493866206 
0.00000000099999999999 0.00000000099999999999 0.00000000099999999999 0.00000000099999999999 0.41737734648699331697 0.37208548077565511969 0.00000000099999999999 0.21053716773735170475 
0.00000000099999999999 0.00000000099999999999 0.00000000099999999999 0.00000000099999999999 0.38369529190994727808 0.32871644887397927226 0.28758825421607348005 0.00000000099999999999 
0.00000000100000000000 0.09149015185274249340 0.00000000100000000000 0.00000000100000000000 0.50918785631395679925 0.34803455460588633708 0.00000000100000000000 0.05128743322741426136 
0.00000000100000000000 0.00060787200060470668 0.00000000100000000000 0.00000000100000000000 0.38723157181750816891 0.28157902434352766186 0.33058152783835942357 0.00000000100000000000 
0.00000000099999999999 0.00000000099999999999 0.00000000099999999999 0.00000000099999999999 0.38649474063620664621 0.31228992725231141669 0.30121532711148196748 0.00000000099999999999 
0.00000000100000000000 0.00000000100000000000 0.00000000100000000000 0.00000000100000000000 0.41817288347213832367 0.28271300602960192094 0.29911410549825967475 0.00000000100000000000 
0.00000000099999999999 0.00000000099999999999 0.00000000099999999999 0.00000000099999999999 0.55827433041225504873 0.44172566358774495443 0.00000000099999999999 0.00000000099999999999 
0.00000000099999999999 0.00000000099999999999 0.00000000099999999999 0.00000000099999999999 0.46315101533548264090 0.20769528865932479489 0.32915369100519253909 0.00000000099999999999 
0.00000000099999999999 0.00000000099999999999 0.00000000099999999999 0.00000000099999999999 0.36145843477449868253 0.33614374224618548403 0.30239781797931575280 0.00000000099999999999 
0.00000000099999999999 0.00000000099999999999 0.00000000099999999999 0.00000000099999999999 0.41094720039965410008 0.25782467643847145622 0.33122811816187447409 0.00000000099999999999 
0.00000000099999999999 0.00000000099999999999 0.00000000099999999999 0.00000000099999999999 0.49412683700360704453 0.50587315699639301414 0.00000000099999999999 0.00000000099999999999 
0.00000000099999999999 0.00000000099999999999 0.00000000099999999999 0.00000000099999999999 0.46807342165889131991 0.22733763274243590224 0.30458894059867269721 0.00000000099999999999 
0.00000000100000000000 0.00000000100000000000 0.00000000100000000000 0.00018381896850473543 0.47785261279903545883 0.21515803923538839859 0.30680552499707142156 0.00000000100000000000 
0.00000000099999999999 0.00000000099999999999 0.01360547789372102030 0.00000000099999999999 0.27171085780038645163 0.37611981302523539439 0.33856384728065719303 0.00000000099999999999 
0.00000000099999999999 0.00000000099999999999 0.00000000099999999999 0.00000000099999999999 0.00000000099999999999 0.00000000099999999999 0.00000000099999999999 0.99999999300000008695 
0.00000000099999999999 0.00000000099999999999 0.00000000099999999999 0.00000000099999999999 0.00000000099999999999 0.00000000099999999999 0.32798344013114338891 0.67201655386885661425 
0.00000000099999999999 0.00000000099999999999 0.00000000099999999999 0.00000000099999999999 0.00000244224603845252 0.00000000099999999999 0.41419189750837526187 0.58580565524558625423 
0.00000000099999999998 0.00000000099999999998 0.00000000099999999998 0.00000000099999999998 0.00000000099999999998 0.00000000099999999998 0.00000000099999999998 0.99999999299999997593 
0.00000000099999999999 0.00000000099999999999 0.00000000099999999999 0.00000000099999999999 0.00000000099999999999 0.00000000099999999999 0.36391622565657172350 0.63608376834342827966 
0.01602084050276162894 0.00000000099999999999 0.00000000099999999999 0.00000000099999999999 0.00000000099999999999 0.00000000099999999999 0.29341881360215660290 0.69056034089508178120 
0.00000000100000000000 0.00105882791307722410 0.00000000100000000000 0.00000000100000000000 0.12834398394984011804 0.00000712445074708530 0.37538706938316862560 0.49520299130316691727 
0.00000000099999999997 0.00000000099999999997 0.00000000099999999997 0.00000000099999999997 0.00000000099999999997 0.00000000099999999997 0.00000000099999999997 0.99999999300000008695 
0.00000000099999999999 0.00000106619295148182 0.00000000099999999999 0.00000000099999999999 0.00010657589358917163 0.00196267634447229184 0.36792543937202953908 0.63000423919695736075 
0.00000000099999999998 0.00000000099999999998 0.00000000099999999998 0.00000000099999999998 0.00000000099999999998 0.00000000099999999998 0.36059784854219067984 0.63940214545780926780 
0.00000000099999999999 0.00000000099999999999 0.00000000099999999999 0.00000000099999999999 0.25236207324328707724 0.41074477416130561469 0.33689314759540722743 0.00000000099999999999 
