0.00000000100000000000 0.00000000100000000000 0.00000000100000000000 0.99999999699999997382 
0.00000002730525115106 0.00000000100000000000 0.00000000100000000000 0.99999997069474877431 
0.28148801173434362388 0.00065449845620561928 0.00000000100000000000 0.71785748880945077222 
0.42241747813071284234 0.00959603601807299672 0.00686687233390823916 0.56111961351730599290 
0.00000000099999999999 0.00000000099999999999 0.00000000099999999999 0.99999999699999997382 
0.27848827773656958939 0.00350088749225147162 0.00721451231151712391 0.71079632245966184456 
0.37640534471539016659 0.00508722358824683588 0.01166876576547082843 0.60683866593089219599 
0.00000000141413547036 0.00000000100000000000 0.00000000100000000000 0.99999999658586447016 
0.21678829124780898963 0.00405059631823704615 0.00000454196726348612 0.77915657046669051233 
0.00000000099999999999 0.00000000099999999999 0.00000000099999999999 0.99999999700000008485 
0.27662401950270837370 0.01385042696509781665 0.00000001437469439780 0.70952553915749927427 
0.30519861653999030837 0.00003667758789697202 0.00256409673686977405 0.69220060913524295021 
0.26332429859013084528 0.00066784417438955847 0.00107814397899255146 0.73492971325648714931 
0.39013288251433408949 0.00081684031872441220 0.00000000100000000000 0.60905027616694140669 
0.31570916133828341721 0.00000000283711054402 0.00000000100000000000 0.68429083482460595356 
0.00000000100000000000 0.00211547051473618851 0.00000000100000000000 0.99788452748526390579 
0.18377934048827551661 0.00149910780036701264 0.00000000100000000000 0.81472155071135754500 
0.15887578224574608332 0.00337746669624114848 0.00075286467789397328 0.83699388638011873454 
0.00000000099999999999 0.00000000099999999999 0.00000000099999999999 0.99999999700000008485 
0.00036666305558571868 0.00000000099999999999 0.00000000099999999999 0.99963333494441442006 
0.28382174249226455043 0.00000000100000000000 0.00000000100000000000 0.71617825550773550614 
0.37119896970518789781 0.00025437664834250534 0.00000235292959935580 0.62854430071687028558 
0.29803777353998511801 0.00030204109778646856 0.00058346225663454519 0.70107672310559387974 
0.32040678744347883544 0.00641646778817072348 0.00013633586455195825 0.67304040890379845941 
0.00000000099999999999 0.00000000099999999999 0.00000000099999999999 0.99999999700000008485 
0.05082241626840867249 0.00000000100000000000 0.00000000100000000000 0.94917758173159127999 
0.00000000099999999999 0.00000000099999999999 0.00000000099999999999 0.99999999699999997382 
0.71272685080717856909 0.00000000100000000000 0.00000000100000000000 0.28727314719282148747 
0.75729544985276175950 0.00000386287991627534 0.00000000100000000000 0.24270068626732202444 
0.76761250017747340024 0.00000000100000000000 0.00000000100000000000 0.23238749782252665632 
0.71258783314073914639 0.00000000100000000000 0.00000000463021878043 0.28741216122904206243 
0.73612580452195375269 0.00120933228662618397 0.00000000100000000000 0.26266486219142010095 
0.63128208861357637538 0.02548541404398104587 0.00000000100000000000 0.34323249634244262785 
0.79310937244133605795 0.00000000100000000000 0.00000000100000000000 0.20689062555866397086 
0.73383692225503394102 0.00000013777590140874 0.00033953104027406800 0.26582340892879069427 
0.69963782859964496197 0.00180613729972570127 0.00978731028610414777 0.28876872381452517446 
0.69204613882553989157 0.00474917965976221629 0.00000000100000000000 0.30320468051469812165 
0.62882324738275507947 0.00000000100000000000 0.00000065420608150734 0.37117609741116330824 
0.71885926856672233143 0.00000042480803827948 0.00001451795611744673 0.28112578866912196762 
0.56871430454258420362 0.00075466762122997424 0.00386868352779716181 0.42666234430838861913 
0.43823008171547822576 0.00006787348330306619 0.01483219078354871059 0.54686985401766996517 
0.52986234806599086244 0.01299011790074253679 0.01221817717149269351 0.44492935686177398358 
0.71507310558544934231 0.00009938590798965366 0.00000000100000000000 0.28482750750656110617 
0.68070095539406350049 0.00000000100000000000 0.00000001160865517723 0.31929903199728149055 
0.76190637011767559095 0.00000000100000000000 0.00000185088364320038 0.23809177799868119774 
0.73722170736420666870 0.00486243283833509045 0.00000000100000000000 0.25791585879745826393 
0.65627019757538507250 0.00000000100000000000 0.00010490821268183497 0.34362489321193306901 
0.68759104818685023996 0.00462605091790073419 0.00693859777704398939 0.30084430311820509196 
0.58830062373746705440 0.00000000100000000000 0.00000000100000000000 0.41169937426253289114 
0.63788331701761957770 0.00000000100000000000 0.00000000100000000000 0.36211668098238053437 
0.63698088426062782208 0.00649953401494720619 0.00047940358142610994 0.35604017814299887545 
0.62810765528282463954 0.00667945445556623451 0.00000002671346499958 0.36521286354814413988 
0.61174173102990792028 0.00000000156050684895 0.00000000100000000000 0.38825826640958532865 
0.71703859969342498282 0.00000000100000000000 0.00000000100000000000 0.28296139830657507375 
0.73530706659722711027 0.00324363622123036459 0.00000000100000000000 0.26144929618154261197 
0.63729209177793544328 0.00000000100000000000 0.00000019244957839377 0.36270771477248625603 
0.61315738429092780937 0.00000000100000000000 0.00000190055148719386 0.38684071415758503054 
0.58625186445657206935 0.00300009605501870297 0.00000285241384814129 0.41074518707456109112 
0.65003387425995806659 0.00000000100000000000 0.00008695643450200543 0.34987916830554005587 
0.66129908735111364582 0.02492516571709046599 0.00019366075349458266 0.31358208617830141129 
0.65069739163330575504 0.00009298232317170942 0.00000633670706400784 0.34920328933645861103 
0.68324358317217515069 0.00000062978346041042 0.00000000118673565750 0.31675578585762881323 
0.55089448537282525997 0.00002337309421726500 0.00000000100000000000 0.44908214053295752999 
0.73021290321118470512 0.00435824300723602551 0.00000000100000000000 0.26542885278157934970 
0.63369943240295112385 0.00717821688349639005 0.00000000100000000000 0.35912234971355239121 
0.69168343396400200351 0.00462523620306719025 0.00000000100000000000 0.30369132883293081804 
0.65137682528133333815 0.00840398225607995840 0.00000000100000000000 0.34021919146258661204 
0.66695060164384623036 0.00000000168858038150 0.00000000100000000000 0.33304939566757346681 
0.64888060314853779342 0.00163099209898856208 0.00024041746347176974 0.34924798728900185996 
0.00000000100000000000 0.25427329779433205381 0.57576623252886605098 0.16996046867680184023 
0.00000000100000000000 0.50892014230508308970 0.48021078868437200304 0.01086906801054485054 
0.00000000100000000000 0.29552539381664294504 0.66913694908403786865 0.03533765609931926316 
0.00000000100000000000 0.36223858152676108313 0.63776121093612847535 0.00000020653711040768 
0.00000000100000000000 0.28631854053129390802 0.62674277445444070977 0.08693868401426543824 
0.00000000100000000000 0.23231246215340625727 0.59083705745814085741 0.17685047938845291360 
0.00000000100000000000 0.26595525202083325489 0.62279296918641502412 0.11125177779275163825 
0.00000000100000000000 0.25308121130049743286 0.60241390415095641409 0.14450488354854615358 
0.00000000100000000000 0.36354077311376375992 0.63645922488623629665 0.00000000100000000000 
0.00000000100000000000 0.35174421143947903756 0.64813361609256925355 0.00012217146795152526 
0.00000000100000000000 0.24223775823780077654 0.58170155130296363755 0.17606068945923558644 
0.00000000099999999999 0.33259248740651081722 0.66740751059348912833 0.00000000099999999999 
0.00000000100000000000 0.35050580744030684910 0.60125828749725962474 0.04823590406243341566 
0.00000000100000000000 0.22495221501866469183 0.58866773175735420676 0.18638005222398090766 
0.00000000100000000000 0.32980143047373960963 0.66440363897228515988 0.00579492955397531082 
0.00000000100000000000 0.35817759955403855043 0.64182239844596133960 0.00000000100000000000 
0.00000000100000000000 0.20492623060465928186 0.71569540421915012196 0.07937836417619045792 
0.00000000100000000000 0.34329977855010024301 0.60278403712914996326 0.05391618332074986364 
0.99999999699999997382 0.00000000099999999999 0.00000000099999999999 0.00000000099999999999 
0.99999991114152986249 0.00000000099999999999 0.00000000099999999999 0.00000008685847009649 
0.99999999700000008485 0.00000000099999999999 0.00000000099999999999 0.00000000099999999999 
0.99990598652317252970 0.00000000100000000000 0.00000000100000000000 0.00009401147682746584 
0.99999999581271792337 0.00000000099999999999 0.00000000099999999999 0.00000000218728216749 
0.99999999700000008485 0.00000000099999999999 0.00000000099999999999 0.00000000099999999999 
0.99999690369114213606 0.00000299828115330702 0.00000000100000000000 0.00000009702770458419 
0.99999999700000008485 0.00000000100000000000 0.00000000100000000000 0.00000000100000000000 
0.99999999700000008485 0.00000000100000000000 0.00000000100000000000 0.00000000100000000000 
0.99999999699999997382 0.00000000099999999999 0.00000000099999999999 0.00000000099999999999 
0.99999999699999997382 0.00000000099999999999 0.00000000099999999999 0.00000000099999999999 
0.99999999700000008485 0.00000000099999999999 0.00000000099999999999 0.00000000099999999999 
0.99999999700000008485 0.00000000099999999999 0.00000000099999999999 0.00000000099999999999 
0.99999999699999997382 0.00000000099999999999 0.00000000099999999999 0.00000000099999999999 
0.99999999700000008485 0.00000000099999999999 0.00000000099999999999 0.00000000099999999999 
0.99999999699999997382 0.00000000099999999999 0.00000000099999999999 0.00000000099999999999 
0.99999529581926638322 0.00000470218073357876 0.00000000100000000000 0.00000000100000000000 
0.99999999699999997382 0.00000000099999999999 0.00000000099999999999 0.00000000099999999999 
0.99999996770963039960 0.00000003029036961952 0.00000000100000000000 0.00000000100000000000 
0.99999999700000008485 0.00000000099999999999 0.00000000099999999999 0.00000000099999999999 
0.19985472210040497454 0.00788537339220570822 0.00078028749250436266 0.79147961701488489528 
0.00011091947707365048 0.00001379557806561417 0.01838387143734553086 0.98149141350751523127 
0.13684433493493519673 0.00000000314108101351 0.00000016061141260527 0.86315550131257112731 
0.13009605261640072582 0.00000450908185378846 0.01043964426433634934 0.85945979403740913050 
0.10379982753821809238 0.01350520585359972492 0.04510898460878183525 0.83758598199940037521 
0.18466846154254723533 0.00459193188057988640 0.01983134690026641667 0.79090825967660649543 
0.09895382095980209680 0.00064891168588141553 0.00005395847107477766 0.90034330888324176634 
0.00000000100000000000 0.69667692103936362802 0.00006549450509149319 0.30325758345554482132 
0.00000000099999999992 0.99999999699999997382 0.00000000099999999992 0.00000000099999999992 
0.99999566395653338713 0.00000000931633745418 0.00000000100000000000 0.00000432572712915144 
0.99999999700000008485 0.00000000100000000000 0.00000000100000000000 0.00000000100000000000 
0.99999949262561427243 0.00000050537438572990 0.00000000100000000000 0.00000000100000000000 
0.00000000099999999993 0.99999999700000008485 0.00000000099999999993 0.00000000099999999993 
0.00000000100000000000 0.99886927107689960081 0.00113072692310037899 0.00000000100000000000 
0.00000000099999999992 0.99999999700000008485 0.00000000099999999992 0.00000000099999999992 
0.00000000099999999995 0.99999999700000008485 0.00000000099999999995 0.00000000099999999995 
0.08548070113414248106 0.91451929686585742285 0.00000000099999999999 0.00000000099999999999 
0.00000000100000000000 0.69685539304989796427 0.09307869488302733529 0.21006591106707470096 
0.00000000100000000000 0.62253365431786356066 0.23637270443923788510 0.14109364024289847150 
0.00000000099999999991 0.99999999699999997382 0.00000000099999999991 0.00000000099999999991 
0.00000000099999999992 0.99999999700000008485 0.00000000099999999992 0.00000000099999999992 
0.00000000099999999997 0.99999999700000008485 0.00000000099999999997 0.00000000099999999997 
0.00000000099999999992 0.99999999699999997382 0.00000000099999999992 0.00000000099999999992 
0.00000000099999999993 0.99999999699999997382 0.00000000099999999993 0.00000000099999999993 
0.00000000099999999995 0.99999999700000008485 0.00000000099999999995 0.00000000099999999995 
0.99999999699999997382 0.00000000100000000000 0.00000000100000000000 0.00000000100000000000 
0.99999999699999997382 0.00000000099999999999 0.00000000099999999999 0.00000000099999999999 
0.99999999700000008485 0.00000000099999999999 0.00000000099999999999 0.00000000099999999999 
0.99999999699999997382 0.00000000099999999999 0.00000000099999999999 0.00000000099999999999 
0.99999999699999997382 0.00000000100000000000 0.00000000100000000000 0.00000000100000000000 
0.99999999700000008485 0.00000000100000000000 0.00000000100000000000 0.00000000100000000000 
0.99999999700000008485 0.00000000099999999999 0.00000000099999999999 0.00000000099999999999 
0.99999999700000008485 0.00000000099999999999 0.00000000099999999999 0.00000000099999999999 
0.99999999700000008485 0.00000000099999999999 0.00000000099999999999 0.00000000099999999999 
0.99999999699999997382 0.00000000100000000000 0.00000000100000000000 0.00000000100000000000 
0.99999999700000008485 0.00000000099999999999 0.00000000099999999999 0.00000000099999999999 
0.78525035233853346384 0.01100939717229197645 0.00000000100000000000 0.20374024948917462963 
0.99999998224471109420 0.00000001575528892509 0.00000000100000000000 0.00000000100000000000 
0.99999999058002730923 0.00000000741997270009 0.00000000100000000000 0.00000000100000000000 
0.99999999700000008485 0.00000000100000000000 0.00000000100000000000 0.00000000100000000000 
0.99999999700000008485 0.00000000099999999999 0.00000000099999999999 0.00000000099999999999 
0.99999999700000008485 0.00000000099999999999 0.00000000099999999999 0.00000000099999999999 
0.99999999700000008485 0.00000000099999999999 0.00000000099999999999 0.00000000099999999999 
0.20811142413031955001 0.00000000100000000000 0.00165830796264800334 0.79023026690703235264 
0.16906295816779068342 0.00001728592157232448 0.00024186083182707382 0.83067789507880995803 
0.05542834891260526448 0.01400200301341598431 0.00000000100000000000 0.93056964707397871184 
0.17218488947712701220 0.00026896909132906874 0.00067404954950667944 0.82687209188203725230 
0.12778136914180054928 0.00000000100000000000 0.00984225731790974202 0.86237637254028964851 
0.18561748349520959533 0.00000000100000000000 0.00716641025317174725 0.80721610525161868743 
0.16568127879652083667 0.00008279220783242696 0.00588757294231552052 0.82834835605333123620 
0.12363250000780348636 0.00576235458046806068 0.00024064682414013202 0.87036449858758835330 
0.16957096286707495914 0.00935453143612418117 0.00867676179941736202 0.81239774389738350635 
0.17121611340708550730 0.00057721203948961255 0.01127219726392561690 0.81693447728949930564 
0.08339208423908460455 0.00000217270899713117 0.00000455725327166376 0.91660118579864646726 
0.14220849044563182995 0.01695912230166322920 0.00011317611756559338 0.84071921113513936596 
0.09977953286908064490 0.01490500810214486459 0.00000015671753393009 0.88531530231124055952 
0.12442562404692382450 0.00013887967524550828 0.01075536673982833979 0.86468012953800232889 
0.16551769863748500011 0.00257401100071192246 0.00620592953486105280 0.82570236082694203894 
0.05945516307775657039 0.01858619307797549844 0.00563900931311701620 0.91631963453115095053 
0.06022126495831454235 0.00272521304384885747 0.00002706816221110900 0.93702645383562555015 
0.12916708969586818134 0.00105947572774137827 0.00621341298166453414 0.86356002159472589064 
0.13231303778143416183 0.14943331764497866376 0.06900842285059305414 0.64924522172299414802 
0.09151109537525617399 0.00035556240819687866 0.00140645145324725350 0.90672689076329981983 
0.11078500275444723433 0.00799050714784793267 0.00000043170116488194 0.88122405839653994430 
0.10114177704043558759 0.00438795234662425499 0.00000000100000000000 0.89447026961294018310 
0.14501366020400041634 0.02186547810134337536 0.00000004438942242347 0.83312081730523379619 
0.13363115915946835455 0.00000377405636430636 0.00050798711088091491 0.86585707967328640056 
0.10579280975707920642 0.03238753786533229290 0.00601844202742074508 0.85580121035016776254 
0.15825952550882646519 0.01503626101674491317 0.01024572016886836703 0.81645849330556019563 
0.19645288665710519682 0.01502144671056469642 0.01644122337562168787 0.77208444325670844144 
0.22715517279384195293 0.01108060201852651555 0.00000000100000000000 0.76176422418763145572 
0.12332716793660006283 0.00354914722981780270 0.00000000100000000000 0.87312368383358218704 
0.19194798788674252710 0.00012285257805011283 0.30618283031433934926 0.50174632922086803699 
0.21498016192450081219 0.00000000100000000000 0.00872354905028868005 0.77629628802521044584 
0.16368182290027777359 0.00000000812552425106 0.00576963812706420779 0.83054853084713375910 
0.17531208240706219748 0.00210106808765522747 0.00063016103199390661 0.82195668847328873241 
0.08876893735138337294 0.00000763376584780870 0.00000000100000000000 0.91122342788276888825 
0.14121366212274896745 0.00000123873416437319 0.00044667077621038739 0.85833842836687634925 
0.19929547058571683849 0.00000001957640542921 0.01683607946668329303 0.78386843037119435795 
0.16061376425947515578 0.00000197256301782057 0.01107202049694226177 0.82831224268056469207 
0.20514653718150666073 0.00039026044966977805 0.00700289546144973810 0.78746030690737389701 
0.03966321518144386854 0.00051784288158046945 0.00000000100000000000 0.95981894093697550652 
0.14404874768966607901 0.00000000100000000000 0.00000000100000000000 0.85595125031033403307 
0.72101215716314626114 0.00657697531707532139 0.00000000100000000000 0.27241086651977836075 
0.69177414071420106900 0.00225206633122642351 0.00005924190167369813 0.30591455105289871996 
0.57866966767596261789 0.00000680699793300593 0.00163113353845912093 0.41969239178764533582 
0.57853796947105606829 0.00533476290942520252 0.00000000100000000000 0.41612726661951876528 
0.55847611005710218191 0.00060002611446909049 0.00000000100000000000 0.44092386282842882528 
0.57272769572584869557 0.00000000100000000000 0.00000000100000000000 0.42727230227415152752 
0.61549804281671927075 0.00295623861017968665 0.00344078131556831840 0.37810493725753269167 
0.62972266913854946235 0.01212803756755911552 0.00000002451294245590 0.35814926878094899276 
0.69217880729603709078 0.00000000100000000000 0.00000000100000000000 0.30782119070396291027 
0.55621087836309024421 0.00000000100000000000 0.00000000100000000000 0.44378911963690981235 
0.61763708644472536946 0.00000002135595950277 0.00002161504571834326 0.38234127715359672584 
0.55276692514766723185 0.00064645709450505474 0.00000176378459786896 0.44658485397322983390 
0.69291978940215703808 0.00000000272172187136 0.00000000100000000000 0.30708020687612108679 
0.64431076244472829107 0.00000031425058092937 0.00000151825024031209 0.35568740505445056721 
0.50887132524511191622 0.00000000100000000000 0.03259695379728987097 0.45853171995759822721 
0.70634949134279934047 0.00964682870534295037 0.00000000810769279021 0.28400367184416486221 
0.69340476100194414766 0.00000000206370474786 0.00000000100000000000 0.30659523593435117350 
0.66691793732351567492 0.00002564533038205037 0.00441947988172009237 0.32863693746438210619 
0.68456562171210411094 0.00539764695127602397 0.00000000100000000000 0.31003673033662010328 
0.67550856536935532937 0.00000000100000000000 0.00594314946486772158 0.31854828416577685157 
0.62820852947206773376 0.00000000100000000000 0.01851526281144801056 0.35327620671648429784 
0.67096806730608726799 0.00000000100000000000 0.00000000154343822690 0.32903193015047454972 
0.71647477708206053215 0.00000003276625606884 0.00000000100000000000 0.28352518915168356539 
0.63396828913970304509 0.00000000100000000000 0.00000000100000000000 0.36603170886029701148 
0.73171196573964936150 0.00000000100000000000 0.00000000100000000000 0.26828803226035075058 
0.47661209507675184049 0.00000000100000000000 0.00180886268300570305 0.52157904124024256909 
0.55829319733587390306 0.00408013175288100913 0.00000000100000000000 0.43762666991124515858 
0.56637851710343634082 0.00000000100000000000 0.00000000100000000000 0.43362148089656366023 
0.45526564421328724608 0.00000125878122248524 0.00000083270484615915 0.54473226430064414227 
0.53114151246616880808 0.00173532751460567171 0.00000102758497235761 0.46712213243425326770 
0.57156259604906745064 0.00696365768327673017 0.00001181341910800351 0.42146193284854777117 
0.46010613957807416918 0.00000000100000000000 0.00000000100000000000 0.53989385842192594289 
0.53523488376371319841 0.00000000100000000000 0.00000343569625139364 0.46476167954003538840 
0.56862216147085153928 0.00181959312353895662 0.00000000100000000000 0.42955824440560963495 
0.50336746333291204625 0.00000006553588333520 0.00000000100000000000 0.49663247013120465079 
0.48049752699003001055 0.00000000100000000000 0.00009059953775357452 0.51941187247221631829 
0.49440504862393841456 0.00000003257820491431 0.00000000100000000000 0.50559491779785659116 
0.50618653894054110864 0.00000037382285779016 0.00000000100000000000 0.49381308623660113977 
0.54922488379009104520 0.00003203109428760219 0.00000000100000000000 0.45074308411562147292 
0.44612316369335119903 0.00000000229327220817 0.00000000100000000000 0.55387683301337653496 
0.54530791860169391949 0.01291387223463885854 0.00000017507021947578 0.44177803409344784669 
0.55259682869757731360 0.00403288481756988552 0.00000000100000000000 0.44337028548485285517 
0.40313909792609919913 0.01935290074270218375 0.00020225398018538219 0.57730574735101325423 
0.53337907492622893546 0.00000000100000000000 0.00000000190184849454 0.46662092217192269183 
0.58554475886476720081 0.00000000100000000000 0.00000000100000000000 0.41445523913523291126 
0.46161154826996597667 0.00000000100000000000 0.00157079683788538104 0.53681765389214863848 
0.49428785145489373409 0.00325153797105008071 0.00000036650257358396 0.50246024407148259794 
0.57525623861010621862 0.00000031003150163035 0.00000000100000000000 0.42474345035839222717 
0.47308231659193317187 0.00055734688806199884 0.00000000100000000000 0.52636033552000482949 
0.39602403872363434179 0.00000000100000000000 0.00000182227737174478 0.60397413799899390963 
0.34620843740587581294 0.00000000100000000000 0.00170977564427137949 0.65208178594985266585 
0.52301814199101204217 0.00000017159297121957 0.00000000100000000000 0.47698168541601676518 
0.99999887745632132230 0.00000000100000000000 0.00000000100000000000 0.00000112054367874493 
0.87992411864874042760 0.00299183519811801503 0.00000000100000000000 0.11708404515314164984 
0.93004183196120626675 0.00000000100000000000 0.00000000100000000000 0.06995816603879377593 
0.71639214148117580372 0.00717565979685273227 0.00000000100000000000 0.27643219772197152873 
0.33042207282642149790 0.00000812914991837279 0.00000000518741818802 0.66956979283624185051 
0.96643401114052684964 0.00000000100000000000 0.00000000100000000000 0.03356598685947318611 
0.97810384865190602710 0.00625380130500423695 0.00000000100000000000 0.01564234904308975729 
0.85239511401394785217 0.00000000100000000000 0.00000000100000000000 0.14760488398605214888 
0.96555251276817732897 0.00000000100000000000 0.00000000100000000000 0.03444748523182279698 
0.83295180744355723501 0.00258429226339583571 0.00000000100000000000 0.16446389929304702782 
0.93923454064428257837 0.00575432186434136385 0.00000000100000000000 0.05501113649137608086 
0.91402557486724400615 0.00000000100000000000 0.00000000100000000000 0.08597442313275610593 
0.93730949043196554182 0.00000000100000000000 0.00000000100000000000 0.06269050756803455637 
0.97347102891965231475 0.00055583608357913481 0.00000000100000000000 0.02597313399676862145 
0.90973729463565700115 0.00559075237890428647 0.00000000100000000000 0.08467195198543867041 
0.82179210226069632217 0.00000000100000000000 0.00000000148059840138 0.17820789525870528447 
0.95553438498441212179 0.00000034505946192573 0.00000000100000000000 0.04446526895612604169 
0.32425096128602659551 0.00000349141462970299 0.00666030212271788349 0.66908524517662593123 
0.94709646850209561197 0.00037360573596588204 0.00000000100000000000 0.05252992476193864974 
0.99999999700000008485 0.00000000099999999999 0.00000000099999999999 0.00000000099999999999 
0.89886406445166300294 0.00000008509332038723 0.00000000100000000000 0.10113584945501664925 
0.94614112072880995896 0.00000000100000000000 0.00000000100000000000 0.05385887727119009760 
0.87886257756087526882 0.00000000100000000000 0.00000000100000000000 0.12113742043912473223 
0.91311930778040217849 0.00003219486229244796 0.00000000100000000000 0.08684849635730541861 
0.00000000100000000000 0.00000000100000000000 0.00000000100000000000 0.99999999699999997382 
0.00000310935011211858 0.00000000126811814099 0.00038516826948832128 0.99961172111228147052 
0.00000008346948154232 0.00047020646926715907 0.01219009383126587638 0.98733961622998545060 
0.00000000100000000000 0.00230752588189861744 0.00058816176439201791 0.99710431135370936051 
0.61794895396462945492 0.01687035790827623796 0.01484710579341539174 0.35033358233367895007 
0.00000000100000000000 0.00000000170442102615 0.00130400860966185784 0.99869598868591713536 
0.00000000100000000000 0.00054327303370149270 0.00000000403287296583 0.99945672193342549594 
0.00000032378506218767 0.01135276479189694862 0.00208333238173940682 0.98656357904130143055 
0.00000000100000000000 0.00143545080660803233 0.00001236226897204502 0.99855218592441985503 
0.00131816719264958885 0.00515354260565695221 0.01161622778247027588 0.98191206241922324160 
0.59499121891907047477 0.00007578623751782566 0.00135565300766389064 0.40357734183574772713 
0.56376627146577507066 0.00000000100000000000 0.00673024471882110314 0.42950348281540379203 
0.58483682090125654884 0.00000000100000000000 0.00000000344610872576 0.41516317465263474773 
0.61957658269795179429 0.00000000100000000000 0.00000000100000000000 0.38042341530204826228 
0.60921038169465402401 0.00298968493980010779 0.00000000100000000000 0.38779993236554599623 
0.62609704883993821944 0.00028281146904609748 0.00000000100000000000 0.37362013869101567964 
0.52985922829542064783 0.00455006676819192345 0.00000000100000000000 0.46559070393638746221 
0.18831691713172316049 0.00000000100000000000 0.00000000100000000000 0.81168308086827689607 
0.74322103733496036604 0.00042465925903289038 0.00000525254408270152 0.25634905086192405488 
0.55734496499904473410 0.00000165451139631422 0.00000000100000000000 0.44265337948955896241 
0.60738530519876376967 0.00024743548465111173 0.00000000100000000000 0.39236725831658519903 
0.57601817808076860583 0.00012278678740543469 0.00000000100000000000 0.42385903413182596244 
0.62963819116469910142 0.00119069893024330146 0.00000000100000000000 0.36917110890505749898 
0.52623871598139548844 0.01457669970268662789 0.00000000100000000000 0.45918458331591771593 
0.70909480679807290748 0.00907458703742762551 0.00000007146526927913 0.28183053469923019518 
0.56524587822171579177 0.00000000100000000000 0.00000000100000000000 0.43475411977828432031 
0.62209777805099220060 0.00554760390393987946 0.00000000100000000000 0.37235461704506805924 
0.36212000249866899138 0.00000000100000000000 0.00000000100000000000 0.63787999550133100968 
0.63562837077082479098 0.00009063690168482617 0.00000000100000000000 0.36428099132749047762 
0.57848181989935842928 0.00105268126571341869 0.00000000100000000000 0.42046549783492825902 
0.57265957056458416385 0.00000000100000000000 0.00000000100000000000 0.42734042743541594822 
0.58761424157895403297 0.00874636001202344984 0.00000000100000000000 0.40363939740902249342 
0.54075659402024267575 0.01607559949402049063 0.00036353642766183528 0.44280427005807487806 
0.67322035876031316448 0.01226714776353416032 0.00000000100000000000 0.31451249247615276072 
0.58525583622485433111 0.01147250124219469612 0.00000000100000000000 0.40327166153295102013 
0.55683537024931906156 0.00000000100000000000 0.00000000100000000000 0.44316462775068105051 
0.00000000100000000000 0.00449338316099008161 0.00000128469584380675 0.99550533114316608341 
0.00000000100000000000 0.00000017765078017424 0.00001469112793792767 0.99998513022128177052 
0.00000005747449595678 0.00584456220746728487 0.00002095829166078304 0.99413442202637603007 
0.00000014567687864728 0.00000001027787420829 0.00000138512738840518 0.99999845891785876795 
0.46912466604823938043 0.00546215948194475522 0.01123945122200415564 0.51417372324781163151 
0.00000970798289938969 0.00004750321110973650 0.00000000100000000000 0.99994278780599077372 
0.00000000100000000000 0.00652366343141471024 0.00395094734953347661 0.98952538821905189348 
0.00000000100000000000 0.00000000100000000000 0.00159677697464649616 0.99840322102535339344 
0.00000000942461295926 0.00000000100000000000 0.00796242856151756564 0.99203756101386941779 
0.00000000100000000000 0.00000000100000000000 0.00545369525517784906 0.99454630274482203056 
0.00000000100000000000 0.01200687673628502393 0.00000000509183190491 0.98799311717188309512 
0.00528943810003360253 0.00080731251326452845 0.06346133415136379075 0.93044191523533803512 
0.00001564908527551392 0.01459672111590547446 0.01873628143149404582 0.96665134836732502510 
0.00000041259065825321 0.01249464141635441700 0.00000000100000000000 0.98750494499298724360 
0.00000000100000000000 0.03128044194189825988 0.00222056152436890877 0.96649899553373275207 
0.00001135531323299388 0.02438786674313942610 0.00001314327508153186 0.97558763466854603319 
0.00000000100000000000 0.00268924954932668386 0.00000000451283241769 0.99731074493784088730 
0.01543404919977184840 0.01408812001009995471 0.01183960413275692361 0.95863822665737119522 
0.00000133206840218504 0.01812878676626435842 0.00002766940976116790 0.98184221175557229166 
0.00000000620685621416 0.01704806324723285790 0.00000024156231362750 0.98295168898359730481 
0.11530525822808512793 0.01381609565431286650 0.00305863252256599995 0.86782001359503602167 
0.10689416137652853200 0.02140363427944512106 0.00000000100000000000 0.87170220334402626072 
0.20161941311370865093 0.00794175568517257145 0.02467343899275315638 0.76576539220836570276 
0.19785458157716320771 0.00021036854985386573 0.01040496122327703998 0.79153008864970586522 
0.15974193056495436527 0.00000000100000000000 0.00684063065332420929 0.83341743778172139301 
0.04669055848684980359 0.00020241271192574366 0.01594634973101326236 0.93716067907021105565 
0.10439699803930628519 0.00581433961900699407 0.00116644042232069960 0.88862222191936590665 
0.32752861269608835038 0.00089102367908787264 0.00174207278818492369 0.66983829083663881665 
0.11111781256531109985 0.00000000100000000000 0.00178812009761296397 0.88709406633707599266 
0.20586468972282212508 0.00920623505020996477 0.00000052282180669026 0.78492855240516123949 
0.16782953910992370883 0.00000081186368050272 0.01089303123937253141 0.82127661778702332196 
0.06267715794580244748 0.00001574651370056641 0.00043523119565497200 0.93687186434484204245 
0.09942232957786141523 0.00721922617938138087 0.01102074125875127965 0.88233770298400593379 
0.00000000100000000000 0.25061616582300927369 0.56857522638630275669 0.18080860679068799790 
0.17774325960325459972 0.00846262490495137618 0.00000007967539488990 0.81379403581639908616 
0.00000000099999999999 0.00000000099999999999 0.99999999699999986280 0.00000000099999999999 
0.00000000099999999999 0.00000000099999999999 0.84577614338094342372 0.15422385461905663284 
0.00000000099999999996 0.00000000099999999996 0.99999999699999986280 0.00000000099999999996 
0.00000000099999999996 0.00000000099999999996 0.99999999699999986280 0.00000000099999999996 
0.00000000099999999997 0.00000000099999999997 0.99999999699999986280 0.00000000099999999997 
0.00000000099999999997 0.00000000099999999997 0.99999999699999986280 0.00000000099999999997 
0.00000000099999999997 0.00000000099999999997 0.99999999699999997382 0.00000000099999999997 
0.00000000099999999998 0.00000000099999999998 0.99999999699999997382 0.00000000099999999998 
0.06819875455841105383 0.00000000100000000000 0.53471932706100788746 0.39708191738058112863 
0.00000000099999999997 0.00000000099999999997 0.99999999699999997382 0.00000000099999999997 
0.00000000099999999996 0.00000000099999999996 0.99999999699999997382 0.00000000099999999996 
0.00000000099999999998 0.00000000099999999998 0.99999999699999997382 0.00000000099999999998 
0.00000000099999999998 0.00000000099999999998 0.99999999699999986280 0.00000000099999999998 
0.00000000099999999998 0.00000000099999999998 0.99999999699999986280 0.00000000099999999998 
0.00000000099999999997 0.00000000099999999997 0.99999999699999997382 0.00000000099999999997 
0.00000000099999999999 0.00000000099999999999 0.99999999699999986280 0.00000000099999999999 
0.99999999699999997382 0.00000000099999999999 0.00000000099999999999 0.00000000099999999999 
0.73556999550046286984 0.00158794008936840713 0.00630549445198670157 0.25653656995818208131 
0.99999999699999997382 0.00000000099999999999 0.00000000099999999999 0.00000000099999999999 
0.66114397540317415558 0.00109892154140155867 0.00000089021781868831 0.33775621283760565161 
0.99999998788636013103 0.00000000100000000000 0.00000000100000000000 0.00000001011364000867 
0.99999999700000008485 0.00000000099999999999 0.00000000099999999999 0.00000000099999999999 
0.99999999700000008485 0.00000000099999999999 0.00000000099999999999 0.00000000099999999999 
0.99999999699999997382 0.00000000099999999999 0.00000000099999999999 0.00000000099999999999 
0.99999999699999997382 0.00000000099999999999 0.00000000099999999999 0.00000000099999999999 
0.99999999700000008485 0.00000000099999999999 0.00000000099999999999 0.00000000099999999999 
0.96839100839876368632 0.03160898960123623841 0.00000000100000000000 0.00000000100000000000 
0.99999971249978447663 0.00000028550021541434 0.00000000100000000000 0.00000000100000000000 
0.98030024130804638283 0.01969339912388444469 0.00000635584869771389 0.00000000371937148591 
0.99999999700000008485 0.00000000099999999999 0.00000000099999999999 0.00000000099999999999 
0.97781378154060516472 0.02218621645939474613 0.00000000100000000000 0.00000000100000000000 
0.99999200293243950544 0.00000000100000000000 0.00000000100000000000 0.00000799506756043319 
0.99999999700000008485 0.00000000100000000000 0.00000000100000000000 0.00000000100000000000 
0.99999999700000008485 0.00000000100000000000 0.00000000100000000000 0.00000000100000000000 
0.99999999700000008485 0.00000000100000000000 0.00000000100000000000 0.00000000100000000000 
0.99999999700000008485 0.00000000099999999999 0.00000000099999999999 0.00000000099999999999 
0.90116169194400086440 0.00349707668504215322 0.00000000100000000000 0.09534123037095697251 
0.69801475506188015441 0.00001783024941751663 0.00000000100000000000 0.30196741368870233524 
0.76390594966070113347 0.00000045475478617820 0.00000216306257715221 0.23609143252193554030 
0.90023078727388672338 0.00583169581359785361 0.00000000100000000000 0.09393751591251534028 
0.32541130666636730595 0.02049948542297139187 0.00962784757254379550 0.64446136033811751709 
0.31682645915060381192 0.00627650680570552080 0.00000000100000000000 0.67689703304369064352 
0.31652074290043252791 0.00674749216527624051 0.00000000100000000000 0.67673176393429113062 
0.48581133591924591242 0.00263400207508480500 0.00000000100000000000 0.51155466100566926446 
0.38199782316859132170 0.00040908436458297133 0.00000000100000000000 0.61759309146682572766 
0.31798986173144888623 0.00000000100000000000 0.00000123881998298939 0.68200889844856815714 
0.31194382524216041075 0.01118455023287712354 0.00000000100000000000 0.67687162352496232920 
0.35835187534672124920 0.00000000100000000000 0.00000000100000000000 0.64164812265327875185 
0.26640539902016047158 0.00491549956236754775 0.00005701095615734382 0.72862209046131465318 
0.28812671064130995768 0.01301163797244223388 0.00080288418185355155 0.69805876720439419270 
0.31802912069321354060 0.00214070452910806877 0.00088590043719204538 0.67894427434048620906 
0.34707444794467778859 0.00001434876433237054 0.00000000100000000000 0.65291120229098986716 
0.30117758061205091025 0.01023967455327783049 0.00000000100000000000 0.68858274383467121815 
0.33350974686913520406 0.00000012378230361046 0.00000432302865010090 0.66648580631991116707 
0.35356337071571858344 0.00574388334378536560 0.00197555051860401083 0.63871719542189198116 
0.31901054574384518636 0.01396376397076918262 0.00585703096111482840 0.66116865932427082431 
0.26132300130427654761 0.00000000100000000000 0.00662332218434728490 0.73205367551137601190 
0.32043019962281232837 0.00549494438951417599 0.00000000100248609998 0.67407485498518737721 
0.33321770259569438721 0.01287888176904572989 0.00719248168952403739 0.64671093394573575530 
0.29022378544263455202 0.00076125213123559988 0.00000000100000000000 0.70901496142612985274 
0.38829583358177072183 0.00206294281191607420 0.00981854099634116295 0.59982268260997195775 
0.24596972736559274963 0.00000002614407118685 0.00001105660477263207 0.75401918988556348999 
0.38556931910815606113 0.00514224585302786724 0.00000046934668511087 0.60928796569213083956 
0.29609669570908453418 0.01457805742417045414 0.00000000100000000000 0.68932524586674503997 
0.23248800852869158651 0.00000000100000000000 0.00000556621855353529 0.76750642425275494851 
0.21092574454274448659 0.00000000100000000000 0.00061627522411416766 0.78845797923314131506 
0.33247249091383057618 0.00150531855199857127 0.00007337108825719050 0.66594881944591355349 
0.28708090319352080888 0.00402751292833348432 0.13256915778104910730 0.57632242609709649628 
0.26097559774131623422 0.00784364755441326750 0.00044895986463581322 0.73073179483963468517 
0.31645444683510715045 0.00000000100000000000 0.01012800791115501912 0.67341754425373778759 
0.27871290525148284534 0.00000000100000000000 0.00124803496029438749 0.72003905878822282993 
0.33513452480020416990 0.01198078274189986504 0.00000000166389110447 0.65288469079400479611 
0.27101323569784285805 0.00000009440675796450 0.00078187671278958759 0.72820479318260966650 
0.28707269538530555408 0.00752763093248774284 0.00000000300538372730 0.70539967067682296520 
0.29571379751687298931 0.01726750927418558776 0.00000000100000000000 0.68701869220894140611 
0.29231188366333654693 0.00000001698512381509 0.00007341687217339997 0.70761468247936620823 
0.49271949509660750710 0.01283068002401874241 0.00421752034566091286 0.49023230453371280380 
0.32775320734417734414 0.00000000100000000000 0.00000000142379548608 0.67224679023202726924 
0.34315892483042553796 0.00365046601553225668 0.00000424131961070982 0.65318636783443151383 
0.37807802940658696844 0.00025539896746779533 0.00000000100000000000 0.62166657062594510297 
0.31730055541455992607 0.01669820360567153897 0.00000003556164215241 0.66600120541812646291 
0.37939105532450578817 0.00000000100000000000 0.00000056374916480776 0.62060837992632944538 
0.35247601923661958656 0.01121282807429546322 0.00000500710689037464 0.63630614558219444898 
0.29999960747461312804 0.00000138333074438704 0.01144195163833609287 0.68855705755630636222 
0.28466963213586748971 0.01314516150766696645 0.00699939760554243225 0.69518580875092317317 
0.23439505953700179308 0.00000016782170432183 0.00279498338361226610 0.76280978925768161414 
0.35130896229074154435 0.01419067307639608130 0.00000000100000000000 0.63450036363286232977 
0.38417496871415679482 0.00000724830091802803 0.00423060228374504393 0.61158718070118023302 
0.29644318870487329498 0.00069315975801297188 0.00026240711076461974 0.70260124442634908082 
0.26488613777562391993 0.01257823575515357693 0.00000007262089306168 0.72253555384832945929 
0.35283686102285055641 0.00000022141260437828 0.00022592697676741493 0.64693699058777764943 
0.28671677216885582684 0.00000000100000000000 0.00000000100000000000 0.71328322583114400768 
0.39203653400572735510 0.12013923528402307983 0.00000000100000000000 0.48782422971024952396 
