0.00047505208544008405 0.77905013693512137340 0.00000000099999999999 0.00000000099999999999 0.00000000099999999999 0.00000000099999999999 0.22047480697943866446 
0.26187395984598210719 0.73812603515401797871 0.00000000099999999999 0.00000000099999999999 0.00000000099999999999 0.00000000099999999999 0.00000000099999999999 
0.00000000099999999999 0.71360995324408671436 0.00000000099999999999 0.00000000099999999999 0.28638920718933064125 0.00000000099999999999 0.00000083556658271533 
0.00000000100000000000 0.55374898867614308351 0.00000000100000000000 0.00000000100000000000 0.37535912045889341382 0.00427441049859629552 0.06661747736636741690 
0.19007114673271460759 0.80992884826728550607 0.00000000099999999998 0.00000000099999999998 0.00000000099999999998 0.00000000099999999998 0.00000000099999999998 
0.00000000100000000000 0.65737530289841250575 0.01209144035852021196 0.00000000100000000000 0.21184093994506261738 0.00000000100000000000 0.11869231379800473936 
0.34155581089167041942 0.37530634522223876859 0.01126275008282371162 0.00072361123019954073 0.20243116384768300442 0.00065250426102280692 0.06806781446436173388 
0.30249327942948045500 0.69750671557051957539 0.00000000099999999999 0.00000000099999999999 0.00000000099999999999 0.00000000099999999999 0.00000000099999999999 
0.00000000100000000000 0.77100634853813765357 0.00000000100000000000 0.00000000100000000000 0.22899364646186232131 0.00000000100000000000 0.00000000100000000000 
0.00000000099999999998 0.99999999400000005867 0.00000000099999999998 0.00000000099999999998 0.00000000099999999998 0.00000000099999999998 0.00000000099999999998 
0.00000000100000000000 0.62806423180970716302 0.00000010337651744346 0.00000000100000000000 0.13957832396348812676 0.00164889553406617306 0.23070844331622125667 
0.00000000100000000000 0.65901827740720309023 0.00000000100000000000 0.00000000100000000000 0.26291347378826507297 0.00000000100000000000 0.07806824480453197768 
0.00000000099999999999 0.72570143968737077511 0.00000000099999999999 0.00000000099999999999 0.27353559113733655339 0.00000000099999999999 0.00076296517529283634 
0.00000000099999999999 0.52746244339709458249 0.00000000099999999999 0.00000000099999999999 0.27643187091074850059 0.00000000099999999999 0.19610568169215694678 
0.00000000099999999999 0.65383565877673754940 0.00000000099999999999 0.00000000099999999999 0.27933923191567139321 0.00000000099999999999 0.06682510530759119827 
0.00000000099999999999 0.88139686757589430499 0.00000000099999999999 0.00000000099999999999 0.00000000099999999999 0.00000000099999999999 0.11860312742410576703 
0.00000000099999999999 0.79873139236116519335 0.00000000099999999999 0.00000000099999999999 0.20126860263883483704 0.00000000099999999999 0.00000000099999999999 
0.44288291755185893450 0.52172129986197213203 0.00000000100000000000 0.00000000100000000000 0.00000000100000000000 0.00000000100000000000 0.03539577858616922701 
0.00000000099999999998 0.99839451925117683739 0.00000000099999999998 0.00000000099999999998 0.00000000099999999998 0.00000000099999999998 0.00160547574882333004 
0.00000000099999999998 0.82445352531653870454 0.00000000099999999998 0.00000000099999999998 0.00000000099999999998 0.00000000099999999998 0.17554646968346154789 
0.00000000099999999999 0.62799747424132423834 0.00000000099999999999 0.00000000099999999999 0.17977204372910077224 0.00000000099999999999 0.19223047802957507479 
0.00000000100000000000 0.52439050786649388236 0.00000000100000000000 0.00000000100000000000 0.22792288788693701451 0.00000000100000000000 0.24768660024656913299 
0.00000000100000000000 0.65230463723676035404 0.00000000100000000000 0.00000000100000000000 0.21771157051379561032 0.00000000100000000000 0.12998378824944406551 
0.38389341477531147007 0.35283639901296648400 0.00007433133431281147 0.00000000100000000000 0.00133563209349606507 0.00000000100000000000 0.26186022078391313350 
0.00000000099999999998 0.99999999400000005867 0.00000000099999999998 0.00000000099999999998 0.00000000099999999998 0.00000000099999999998 0.00000000099999999998 
0.29780440973514243908 0.65211763619250795454 0.00000000099999999999 0.00000000099999999999 0.00000000099999999999 0.00000000099999999999 0.05007795007234974727 
0.00000000099999999999 0.95346029842221791117 0.00000000099999999999 0.00000000099999999999 0.00000000099999999999 0.00000000099999999999 0.04653969657778221636 
0.57615393574323492398 0.00000000099999999999 0.00000000099999999999 0.00000000099999999999 0.42384605925676510640 0.00000000099999999999 0.00000000099999999999 
0.45520610927411958579 0.00000000099999999999 0.00000000099999999999 0.00000000099999999999 0.54479388572588038908 0.00000000099999999999 0.00000000099999999999 
0.00000000099999999999 0.25909574485490766138 0.00000000099999999999 0.00000000099999999999 0.74090425014509220247 0.00000000099999999999 0.00000000099999999999 
0.50245414645046593272 0.00000000099999999999 0.00000000099999999999 0.00000000099999999999 0.49754584854953426420 0.00000000099999999999 0.00000000099999999999 
0.52657175275865764075 0.00000000099999999999 0.00000000099999999999 0.00000000099999999999 0.47342824224134238964 0.00000000099999999999 0.00000000099999999999 
0.00000000099999999999 0.37415707036992024159 0.00000000099999999999 0.00000000099999999999 0.60757307594076781498 0.01826984968931187614 0.00000000099999999999 
0.46808566995509265363 0.00000000099999999999 0.00000000099999999999 0.00000000099999999999 0.53191432504490732125 0.00000000099999999999 0.00000000099999999999 
0.00000000099999999999 0.29771307863848933684 0.00000000099999999999 0.00000000099999999999 0.70228691636151074906 0.00000000099999999999 0.00000000099999999999 
0.01950545470743666673 0.31951120891269868540 0.00000002830971631153 0.00000000100000000000 0.66098330507014835256 0.00000000100000000000 0.00000000100000000000 
0.00000000099999999999 0.33502991181657493236 0.00000000099999999999 0.00000000099999999999 0.66497008318342487598 0.00000000099999999999 0.00000000099999999999 
0.56528981590348148512 0.00000000099999999999 0.00000000099999999999 0.00000000099999999999 0.43471017909651848976 0.00000000099999999999 0.00000000099999999999 
0.00000000099999999999 0.30563728955248264940 0.00000000099999999999 0.00000000099999999999 0.69436270544751721445 0.00000000099999999999 0.00000000099999999999 
0.00257892911340661503 0.44583828314164314355 0.00000000100000000000 0.00000000100000000000 0.55158278374495028906 0.00000000100000000000 0.00000000100000000000 
0.00850601219592917422 0.55417162542702891326 0.00808312835305446779 0.00000207547662181555 0.42923715654736571690 0.00000000100000000000 0.00000000100000000000 
0.62475762559608816193 0.00000000100000000000 0.00459718979679613581 0.00000000100000000000 0.15016262750723105568 0.00991433612494494430 0.21056821897493974149 
0.00000000099999999999 0.31860024754735338792 0.00000000099999999999 0.00000000099999999999 0.68139974745264664246 0.00000000099999999999 0.00000000099999999999 
0.49772528616198941087 0.00000000352761600320 0.00000000099999999999 0.00000000099999999999 0.50227470631039450311 0.00000000099999999999 0.00000000099999999999 
0.00000000099999999999 0.25870444012168991588 0.00000000099999999999 0.00000000099999999999 0.74129555487831000349 0.00000000099999999999 0.00000000099999999999 
0.00000150063937387099 0.28535131173928179882 0.00000000100000000000 0.00000000100000000000 0.71160198791427542453 0.00304519670706877117 0.00000000100000000000 
0.57466143129976665627 0.00000019855758720083 0.00000000099999999999 0.00000000099999999999 0.42533836614264625142 0.00000000099999999999 0.00000000099999999999 
0.84575457491657068942 0.00000000099999999997 0.00000000099999999997 0.00000000099999999997 0.15424542008342936872 0.00000000099999999997 0.00000000099999999997 
0.66436017136777991698 0.00000000104837300053 0.00000000099999999999 0.00000000099999999999 0.33563982358384714111 0.00000000099999999999 0.00000000099999999999 
0.04201023211017022863 0.34218275562176264648 0.00000000100000000000 0.00000000100000000000 0.56373590244234728086 0.00000000100000000000 0.05207110682571972071 
0.00000000100000000000 0.38404945630685827229 0.00000000100000000000 0.00000000100000000000 0.61342204636288533148 0.00252849333025625305 0.00000000100000000000 
0.00117760269867198770 0.38482604882863152840 0.00000000100000000000 0.00000000100000000000 0.58752191567117417748 0.00518169083292219397 0.02129273996860004195 
0.00000000099999999999 0.41188393627405978092 0.00000000099999999999 0.00000000099999999999 0.58810412910999254610 0.00000000099999999999 0.00001193061594764760 
0.53820749012992896709 0.00000000099999999999 0.00000000099999999999 0.00000000099999999999 0.46179250487007111881 0.00000000099999999999 0.00000000099999999999 
0.00000000099999999999 0.30439953006080022746 0.00000000099999999999 0.00000000099999999999 0.69560046493919969191 0.00000000099999999999 0.00000000099999999999 
0.59478284134328363031 0.00000000099999999999 0.00000000099999999999 0.00000000099999999999 0.40521715365671651110 0.00000000099999999999 0.00000000099999999999 
0.58200922832176915644 0.00001207893176988287 0.00000000100000000000 0.00000000100000000000 0.35881737015914544342 0.00000000100000000000 0.05916131958731558893 
0.47831099225798917596 0.12353990284411872635 0.00000000100000000000 0.00000000100000000000 0.36855879587975970413 0.00330665922151386626 0.02628364779661855263 
0.00000000100000000000 0.37925726922875802050 0.00000000100000000000 0.00000000100000000000 0.62074024188341714314 0.00000000100000000000 0.00000248488782473217 
0.00000000100000000000 0.30298202263722540106 0.00679841829192207991 0.00000000100000000000 0.57206868410594324814 0.01448927682190840303 0.10366159614300073100 
0.00000000100000000000 0.33313745021592372497 0.00000000100000000000 0.00000000100000000000 0.57654005656587548057 0.00000000100000000000 0.09032248921820068555 
0.00000000099999999999 0.30760560353857918647 0.00000000099999999999 0.00000000099999999999 0.60862257043473522167 0.00000000099999999999 0.08377182202668548294 
0.55118221763358798970 0.11624428235315652225 0.00000000100000000000 0.00000000100000000000 0.33142244307320034569 0.00115105394005526320 0.00000000100000000000 
0.00000000100000000000 0.25835300761744139919 0.00000000100000000000 0.00000000100000000000 0.62161291296397314099 0.00000000100000000000 0.12003407541858533703 
0.01922171223678169338 0.35618291127665258067 0.00000000100000000000 0.00000000100000000000 0.56898455598433439473 0.00559272834871425879 0.05001809015351691562 
0.44879876538846086298 0.03971015316377984883 0.00000000100000000000 0.00000000100000000000 0.51149107744775923479 0.00000000100000000000 0.00000000100000000000 
0.00000000100000000000 0.37851551369730196406 0.00000000100000000000 0.00000000100000000000 0.62127725855129900534 0.00020722375139895998 0.00000000100000000000 
0.00000000099999999999 0.32398808612657892247 0.00000000099999999999 0.00000000099999999999 0.57398047465175694448 0.00000000099999999999 0.10203143522166407964 
0.56687435219903081762 0.00000000100000000000 0.00000000100000000000 0.00000000100000000000 0.43312564280096932379 0.00000000100000000000 0.00000000100000000000 
0.00000000099999999996 0.00000000099999999996 0.99999999400000005867 0.00000000099999999996 0.00000000099999999996 0.00000000099999999996 0.00000000099999999996 
0.00000000099999999997 0.00000000099999999997 0.82180657496310360877 0.00000000099999999997 0.00000000099999999997 0.17819342003689642162 0.00000000099999999997 
0.00000000099999999996 0.00000000099999999996 0.99999999399999994765 0.00000000099999999996 0.00000000099999999996 0.00000000099999999996 0.00000000099999999996 
0.00000000099999999995 0.00000000099999999995 0.99999999400000005867 0.00000000099999999995 0.00000000099999999995 0.00000000099999999995 0.00000000099999999995 
0.00000000099999999995 0.00000000099999999995 0.99999999400000005867 0.00000000099999999995 0.00000000099999999995 0.00000000099999999995 0.00000000099999999995 
0.00000000099999999996 0.00000000099999999996 0.99999999399999994765 0.00000000099999999996 0.00000000099999999996 0.00000000099999999996 0.00000000099999999996 
0.00000000099999999994 0.00000000099999999994 0.99999999399999994765 0.00000000099999999994 0.00000000099999999994 0.00000000099999999994 0.00000000099999999994 
0.00000000099999999995 0.00000000099999999995 0.99999999399999994765 0.00000000099999999995 0.00000000099999999995 0.00000000099999999995 0.00000000099999999995 
0.00000000099999999997 0.00000000099999999997 0.99999999399999994765 0.00000000099999999997 0.00000000099999999997 0.00000000099999999997 0.00000000099999999997 
0.00000000099999999996 0.00000000099999999996 0.98593752125409039877 0.00000000099999999996 0.00000000099999999996 0.01406247374590967845 0.00000000099999999996 
0.00000000099999999995 0.00000000099999999995 0.99999999399999994765 0.00000000099999999995 0.00000000099999999995 0.00000000099999999995 0.00000000099999999995 
0.00000000099999999995 0.00000000099999999995 0.99999999400000005867 0.00000000099999999995 0.00000000099999999995 0.00000000099999999995 0.00000000099999999995 
0.00000000099999999997 0.00000000099999999997 0.99107901054426195131 0.00000000099999999997 0.00000000099999999997 0.00892098445573808081 0.00000000099999999997 
0.00000000099999999997 0.00000000099999999997 0.99999999400000005867 0.00000000099999999997 0.00000000099999999997 0.00000000099999999997 0.00000000099999999997 
0.00000000099999999995 0.00000000099999999995 0.99999999399999994765 0.00000000099999999995 0.00000000099999999995 0.00000000099999999995 0.00000000099999999995 
0.00000000099999999994 0.00000000099999999994 0.99999999399999994765 0.00000000099999999994 0.00000000099999999994 0.00000000099999999994 0.00000000099999999994 
0.00000000099999999997 0.00000000099999999997 0.73145341202029556804 0.26854658297970435132 0.00000000099999999997 0.00000000099999999997 0.00000000099999999997 
0.00000000099999999994 0.00000000099999999994 0.99999999400000005867 0.00000000099999999994 0.00000000099999999994 0.00000000099999999994 0.00000000099999999994 
0.26222721931944975582 0.00000000099999999999 0.00000000099999999999 0.00000000099999999999 0.73777277568055021906 0.00000000099999999999 0.00000000099999999999 
0.27180493076555189980 0.00000000099999999998 0.00000000099999999998 0.00000000099999999998 0.72819506423444790855 0.00000000099999999998 0.00000000099999999998 
0.27562188429483452934 0.00000000099999999999 0.00000000099999999999 0.00000000099999999999 0.72437811070516544554 0.00000000099999999999 0.00000000099999999999 
0.29123701225742959497 0.00000000099999999999 0.00000000099999999999 0.00000000099999999999 0.70876298274257021337 0.00000000099999999999 0.00000000099999999999 
0.23000801226212011508 0.00000000099999999998 0.00000000099999999998 0.00000000099999999998 0.76999198273787994307 0.00000000099999999998 0.00000000099999999998 
0.00000000099999999998 0.00000000099999999998 0.00000000099999999998 0.00000000099999999998 0.99999999400000005867 0.00000000099999999998 0.00000000099999999998 
0.00000000099999999999 0.02177800337728882929 0.00000000099999999999 0.00000000099999999999 0.97822199162271117334 0.00000000099999999999 0.00000000099999999999 
0.00000000099999999999 0.00000000099999999999 0.00000000099999999999 0.00000000099999999999 0.99999999399999994765 0.00000000099999999999 0.00000000099999999999 
0.00000000099999999999 0.00000001883781852678 0.00000000099999999999 0.00000000099999999999 0.99999997616218150309 0.00000000099999999999 0.00000000099999999999 
0.24082981719953319710 0.00000000099999999998 0.00000000099999999998 0.00000000099999999998 0.75917017780046691655 0.00000000099999999998 0.00000000099999999998 
0.25929883050123286869 0.00000000099999999998 0.00000000099999999998 0.00000000099999999998 0.74070116449876710618 0.00000000099999999998 0.00000000099999999998 
0.23528248038004284659 0.00000000099999999999 0.00000000099999999999 0.00000000099999999999 0.76471751461995707277 0.00000000099999999999 0.00000000099999999999 
0.00000000099999999999 0.00000000099999999999 0.00000000099999999999 0.00000000099999999999 0.99999999400000005867 0.00000000099999999999 0.00000000099999999999 
0.00000000099999999998 0.00000000099999999998 0.00000000099999999998 0.00000000099999999998 0.99999999399999994765 0.00000000099999999998 0.00000000099999999998 
0.00000000099999999998 0.00000000099999999998 0.00000000099999999998 0.00000000099999999998 0.99999999399999994765 0.00000000099999999998 0.00000000099999999998 
0.00000000099999999999 0.00000000099999999999 0.00000000099999999999 0.00000000099999999999 0.99999999399999994765 0.00000000099999999999 0.00000000099999999999 
0.00000000099999999999 0.00000000099999999999 0.00000000099999999999 0.00000000099999999999 0.99999999400000005867 0.00000000099999999999 0.00000000099999999999 
0.00000000099999999998 0.00000000099999999998 0.00000000099999999998 0.00000000099999999998 0.99999999399999994765 0.00000000099999999998 0.00000000099999999998 
0.00000000099999999999 0.00000000099999999999 0.00000000099999999999 0.00000000099999999999 0.99999999399999994765 0.00000000099999999999 0.00000000099999999999 
0.00000000099999999999 0.00000000099999999999 0.00000000099999999999 0.00000000099999999999 0.99999999399999994765 0.00000000099999999999 0.00000000099999999999 
0.00000000100000000000 0.78130805507627976159 0.00000000100000000000 0.00000000100000000000 0.21869193992372029656 0.00000000100000000000 0.00000000100000000000 
0.33662979428454087305 0.64743710546292498886 0.00000000100000000000 0.01593306344731442240 0.00000000100000000000 0.00000003380521983782 0.00000000100000000000 
0.45917095156256054755 0.54082904343743953834 0.00000000099999999999 0.00000000099999999999 0.00000000099999999999 0.00000000099999999999 0.00000000099999999999 
0.43137374585432514129 0.56862624914567483358 0.00000000100000000000 0.00000000100000000000 0.00000000100000000000 0.00000000100000000000 0.00000000100000000000 
0.37456290040332096414 0.56064926680793281122 0.06109771463034319172 0.00000000100000000000 0.00000000100000000000 0.00369011515840303233 0.00000000100000000000 
0.44153273602883280624 0.53334205251380739643 0.00823965692053998250 0.00000000100000000000 0.01685624742244351548 0.00002930511437629867 0.00000000100000000000 
0.42357027964046667368 0.57642971535953335671 0.00000000100000000000 0.00000000100000000000 0.00000000100000000000 0.00000000100000000000 0.00000000100000000000 
0.00000000099999999998 0.26249681195813823198 0.18128995167955208601 0.00000000099999999998 0.00000000099999999998 0.55621323236230957310 0.00000000099999999998 
0.00000000099999999982 0.00000000099999999982 0.00000000099999999982 0.00000000099999999982 0.00000000099999999982 0.99999999399999994765 0.00000000099999999982 
0.00000000099999999999 0.05498270078614404810 0.00000000099999999999 0.00000000099999999999 0.94501729421385594065 0.00000000099999999999 0.00000000099999999999 
0.00000000099999999999 0.00000000099999999999 0.00000000099999999999 0.00000000099999999999 0.99999999399999994765 0.00000000099999999999 0.00000000099999999999 
0.00000000099999999999 0.00000000099999999999 0.00000000099999999999 0.00000000099999999999 0.99999999400000005867 0.00000000099999999999 0.00000000099999999999 
0.00000000099999999985 0.00000000099999999985 0.00000000099999999985 0.00000000099999999985 0.00000000099999999985 0.99999999400000005867 0.00000000099999999985 
0.00000000099999999999 0.00000000099999999999 0.21493331724689432316 0.00000000099999999999 0.00000000099999999999 0.78506667775310556845 0.00000000099999999999 
0.00000000099999999982 0.00000000099999999982 0.00000000099999999982 0.00000000099999999982 0.00000000099999999982 0.99999999400000005867 0.00000000099999999982 
0.00000000099999999990 0.00000000099999999990 0.00000000099999999990 0.00000000099999999990 0.00000000099999999990 0.99999999399999994765 0.00000000099999999990 
0.00000000099999999999 0.00000000099999999999 0.00000000099999999999 0.00000000099999999999 0.13633385096819536364 0.86366614403180452797 0.00000000099999999999 
0.00000000099999999999 0.19557238649004662912 0.24306283139488574219 0.00000000099999999999 0.00000000099999999999 0.56136477811506768631 0.00000000099999999999 
0.00000000099999999999 0.12192279361854412023 0.37854371823893695481 0.00000009451466778556 0.00000000099999999999 0.49953339062785123703 0.00000000099999999999 
0.00000000099999999981 0.00000000099999999981 0.00000000099999999981 0.00000000099999999981 0.00000000099999999981 0.99999999400000005867 0.00000000099999999981 
0.00000000099999999982 0.00000000099999999982 0.00000000099999999982 0.00000000099999999982 0.00000000099999999982 0.99999999399999994765 0.00000000099999999982 
0.00000000099999999996 0.00000000099999999996 0.00000000099999999996 0.00000000099999999996 0.00000000099999999996 0.99999999400000005867 0.00000000099999999996 
0.00000000099999999983 0.00000000099999999983 0.00000000099999999983 0.00000000099999999983 0.00000000099999999983 0.99999999400000005867 0.00000000099999999983 
0.00000000099999999986 0.00000000099999999986 0.00000000099999999986 0.00000000099999999986 0.00000000099999999986 0.99999999399999994765 0.00000000099999999986 
0.00000000099999999991 0.00000000099999999991 0.00000000099999999991 0.00000000099999999991 0.00000000099999999991 0.99999999399999994765 0.00000000099999999991 
0.25830147089650612457 0.00000000099999999999 0.00000000099999999999 0.00000000099999999999 0.74169852410349390581 0.00000000099999999999 0.00000000099999999999 
0.29060233092784998332 0.00000000099999999998 0.00000000099999999998 0.00000000099999999998 0.70939766407214999155 0.00000000099999999998 0.00000000099999999998 
0.26475733647934673876 0.00000000099999999998 0.00000000099999999998 0.00000000099999999998 0.73524265852065318061 0.00000000099999999998 0.00000000099999999998 
0.26729549700292920544 0.00000000099999999999 0.00000000099999999999 0.00000000099999999999 0.73270449799707071392 0.00000000099999999999 0.00000000099999999999 
0.22731208715825276800 0.00000000099999999999 0.00000000099999999999 0.00000000099999999999 0.77268790784174723463 0.00000000099999999999 0.00000000099999999999 
0.29514889764039758946 0.00000000099999999999 0.00000000099999999999 0.00000000099999999999 0.59108557891521362748 0.00000000099999999999 0.11376551944438878516 
0.00000000099999999999 0.00000000099999999999 0.00000000099999999999 0.00000000099999999999 0.99999999399999994765 0.00000000099999999999 0.00000000099999999999 
0.27811556992972313873 0.00000000099999999998 0.00000000099999999998 0.00000000099999999998 0.72188442507027672512 0.00000000099999999998 0.00000000099999999998 
0.00000000099999999999 0.00000000099999999999 0.00000000099999999999 0.00000000099999999999 0.99999999400000005867 0.00000000099999999999 0.00000000099999999999 
0.00000000099999999999 0.00000000099999999999 0.00000000099999999999 0.00000000099999999999 0.99999999399999994765 0.00000000099999999999 0.00000000099999999999 
0.00000000099999999999 0.00000000099999999999 0.00000000099999999999 0.00000000099999999999 0.99999999400000005867 0.00000000099999999999 0.00000000099999999999 
0.00000000099999999999 0.21620984242088137073 0.00000000099999999999 0.00000000099999999999 0.66710867728708889146 0.00045100229672172807 0.11623047499530798909 
0.00000000099999999999 0.00000000099999999999 0.00000000099999999999 0.00000000099999999999 0.99999999399999994765 0.00000000099999999999 0.00000000099999999999 
0.00000000099999999999 0.00068021031704811475 0.00000000099999999999 0.00000000099999999999 0.99931978468295179496 0.00000000099999999999 0.00000000099999999999 
0.00000000099999999999 0.01346822696971528011 0.00000000099999999999 0.00000000099999999999 0.98653176803028475028 0.00000000099999999999 0.00000000099999999999 
0.24949322580274579941 0.00000000099999999999 0.00000000099999999999 0.00000000099999999999 0.75050676919725423097 0.00000000099999999999 0.00000000099999999999 
0.25884940317977211954 0.00000000099999999999 0.00000000099999999999 0.00000000099999999999 0.74115059182022779982 0.00000000099999999999 0.00000000099999999999 
0.25535589299072231073 0.00000000099999999999 0.00000000099999999999 0.00000000099999999999 0.74464410200927755312 0.00000000099999999999 0.00000000099999999999 
0.37389158384454723727 0.53589681905021357977 0.00000000100000000000 0.00000000100000000000 0.09021159310523937935 0.00000000100000000000 0.00000000100000000000 
0.49319975252291670120 0.50680024247708332918 0.00000000099999999999 0.00000000099999999999 0.00000000099999999999 0.00000000099999999999 0.00000000099999999999 
0.00000000100000000000 0.91540726645358616587 0.00000000100000000000 0.00000000100000000000 0.08459272854641392003 0.00000000100000000000 0.00000000100000000000 
0.44137468391911960364 0.55862496648063364457 0.00000000100000000000 0.00000000100000000000 0.00000034560024681594 0.00000000100000000000 0.00000000100000000000 
0.48839905702308272772 0.51160093797691719164 0.00000000099999999999 0.00000000099999999999 0.00000000099999999999 0.00000000099999999999 0.00000000099999999999 
0.49939479311521345339 0.50060520188478652148 0.00000000100000000000 0.00000000100000000000 0.00000000100000000000 0.00000000100000000000 0.00000000100000000000 
0.49182764972579989804 0.50817234527420007684 0.00000000100000000000 0.00000000100000000000 0.00000000100000000000 0.00000000100000000000 0.00000000100000000000 
0.42210817385373816668 0.57789182114626191922 0.00000000100000000000 0.00000000100000000000 0.00000000100000000000 0.00000000100000000000 0.00000000100000000000 
0.47239831048818886616 0.52266607140485865646 0.00041355688907626902 0.00000000100000000000 0.00000000100000000000 0.00452205821787631142 0.00000000100000000000 
0.45896104505923268624 0.54103894994076728864 0.00000000100000000000 0.00000000100000000000 0.00000000100000000000 0.00000000100000000000 0.00000000100000000000 
0.00000000099999999999 0.89142554319763289694 0.00000000099999999999 0.00000000099999999999 0.10857445180236717508 0.00000000099999999999 0.00000000099999999999 
0.00000000100000000000 0.83732712745126725018 0.00000000100000000000 0.00000000100000000000 0.15798525153047773828 0.00468761701825498849 0.00000000100000000000 
0.42430928105120807592 0.56563492395738446117 0.00000000099999999999 0.00000000099999999999 0.00000000099999999999 0.01005579099140750839 0.00000000099999999999 
0.40083995930890203852 0.59915993046834070679 0.00000000100000000000 0.00000000100000000000 0.00000000100000000000 0.00000010622275728284 0.00000000100000000000 
0.42641415969895091198 0.52254109913029245238 0.00000000100000000000 0.00000000100000000000 0.00000000100000000000 0.00000000100000000000 0.05104473717075668632 
0.00000000100000000000 0.86533227786136979187 0.00000000100000000000 0.00000000100000000000 0.00000046188395632209 0.00085033083603235277 0.13381692641864154081 
0.00000000099999999999 0.91517963586622985694 0.00000000099999999999 0.00000000099999999999 0.08482035913377022895 0.00000000099999999999 0.00000000099999999999 
0.34569533545480546355 0.59009672528290324500 0.00000062469446159853 0.00000000100000000000 0.00000000100000000000 0.00049188284047458903 0.06371542972735516619 
0.00000000100000000000 0.63804440300225950811 0.01343365907811614607 0.06193628954638710771 0.11550714560500553729 0.11466623083735787147 0.05641227093087378130 
0.39105232155863350885 0.60894767344136657705 0.00000000099999999999 0.00000000099999999999 0.00000000099999999999 0.00000000099999999999 0.00000000099999999999 
0.00000000099999999999 0.87031324753710725961 0.00000000099999999999 0.00000000099999999999 0.12968674746289290955 0.00000000099999999999 0.00000000099999999999 
0.42605328581661533471 0.57003902837750208832 0.00000000100000000000 0.00000000100000000000 0.00000000100000000000 0.00390768180588264239 0.00000000100000000000 
0.00000000100000000000 0.82430154345005113292 0.00000000100000000000 0.00000000100000000000 0.14412288835493955452 0.00738552571618542389 0.02419003947882381045 
0.42518383592503522506 0.57481615907496486084 0.00000000100000000000 0.00000000100000000000 0.00000000100000000000 0.00000000100000000000 0.00000000100000000000 
0.00000000100000000000 0.79482455921422634493 0.02199711265816823094 0.00000000100000000000 0.06378308171019772543 0.01234106508994416151 0.10705417932746369436 
0.00000000099999999999 0.78771828985661818123 0.02888378839866811987 0.00000000099999999999 0.18339791774471372876 0.00000000099999999999 0.00000000099999999999 
0.00000000100000000000 0.77211300384629877325 0.00000000643758547960 0.00789638876793899089 0.21266093892759913020 0.00732966002057778687 0.00000000100000000000 
0.00000000099999999999 0.76366629852908540776 0.00000000099999999999 0.00000000099999999999 0.23633369647091465038 0.00000000099999999999 0.00000000099999999999 
0.00000000099999999999 0.85222951115213430029 0.00000000099999999999 0.00000000099999999999 0.14777048384786575785 0.00000000099999999999 0.00000000099999999999 
0.68549624801169661836 0.00000000099999999998 0.00000000099999999998 0.31450374698830335651 0.00000000099999999998 0.00000000099999999998 0.00000000099999999998 
0.46510858191624038227 0.48835516613643931150 0.00000000100000000000 0.00000000100000000000 0.04653624794732041242 0.00000000100000000000 0.00000000100000000000 
0.46305015516332320713 0.53694983983667676775 0.00000000099999999999 0.00000000099999999999 0.00000000099999999999 0.00000000099999999999 0.00000000099999999999 
0.43360865336464204933 0.53315776610813125913 0.00000000100000000000 0.00000000100000000000 0.00000000100000000000 0.00000000100000000000 0.03323357652722671446 
0.50080627530965726724 0.49919371969034270764 0.00000000099999999999 0.00000000099999999999 0.00000000099999999999 0.00000000099999999999 0.00000000099999999999 
0.45105454389404014970 0.54894545110595993620 0.00000000100000000000 0.00000000100000000000 0.00000000100000000000 0.00000000100000000000 0.00000000100000000000 
0.46259838573092071368 0.50057990134816043870 0.00000000100000000000 0.00148643781815480818 0.00000000190494334085 0.00000000100000000000 0.03533527119782085141 
0.47914943248698665945 0.52085056138883933929 0.00000000100000000000 0.00000000100000000000 0.00000000100000000000 0.00000000212417390824 0.00000000100000000000 
0.41689143285056406985 0.52735961376622042529 0.00000000100000000000 0.00000000100000000000 0.05574894938321573595 0.00000000100000000000 0.00000000100000000000 
0.00000000099999999999 0.93290062082750735417 0.00000000099999999999 0.00000000099999999999 0.06709937417249267622 0.00000000099999999999 0.00000000099999999999 
0.35553145353362253234 0.55357596441799183928 0.00000000099999999999 0.00000000099999999999 0.00000000099999999999 0.00000000099999999999 0.09089257804838572763 
0.00000000099999999999 0.00000032516579132146 0.00000000099999999999 0.00000000099999999999 0.36897263895845738846 0.00000000099999999999 0.63102703187575126531 
0.00000000100000000000 0.00025801294051190686 0.00000000100000000000 0.00000000100000000000 0.35300189264339038031 0.00000000100000000000 0.64674009041609770154 
0.35534302335323703081 0.00000000099999999999 0.00000000099999999999 0.00000000099999999999 0.03451768440296341250 0.00000000099999999999 0.61013928824379948246 
0.00000000099999999999 0.22578058612620502399 0.00000000099999999999 0.00000000099999999999 0.31741734193073189996 0.00000000099999999999 0.45680206794306310591 
0.36567694593132088476 0.00000001641753205712 0.00000000099999999999 0.00000000099999999999 0.04850621850725254924 0.00000000099999999999 0.58581681614389446988 
0.34437368820323394081 0.00000000099999999999 0.00000000099999999999 0.00000000099999999999 0.01462235471535319915 0.00000000099999999999 0.64100395308141278061 
0.32248317646861107688 0.00000000100000000000 0.00000000100000000000 0.00000000100000000000 0.14810610142749297546 0.00000000100000000000 0.52941071810389583874 
0.00000000099999999999 0.00000000099999999999 0.00000000099999999999 0.00000000099999999999 0.00000000099999999999 0.00000000099999999999 0.99999999399999994765 
0.33516022023070229929 0.00000000099999999999 0.00000000099999999999 0.00000000099999999999 0.20702301005699461078 0.00000000099999999999 0.45781676571230300876 
0.36661390203218391370 0.00000000099999999999 0.00000000099999999999 0.00000000099999999999 0.12947777615524411199 0.00000000099999999999 0.50390831781257194866 
0.35998456262101669045 0.00000000099999999999 0.00000000099999999999 0.00000000099999999999 0.16972410240572141649 0.00000000099999999999 0.47029133097326175639 
0.00000000099999999999 0.00000000099999999999 0.00000000099999999999 0.00000000099999999999 0.00000000099999999999 0.00000000099999999999 0.99999999399999994765 
0.30788445603593522781 0.00000000099999999999 0.00000000099999999999 0.00000000099999999999 0.18391453585189743158 0.00000000099999999999 0.50820100411216728720 
0.33214077009036341304 0.00000000099999999999 0.00000000099999999999 0.00000000099999999999 0.18630559855447675899 0.00000000099999999999 0.48155362735515983008 
0.40662602989452734104 0.00000000099999999999 0.00000000099999999999 0.01958627713526762612 0.00000000099999999999 0.00000000099999999999 0.57378768897020493434 
0.02658345426946850595 0.30087257858065746818 0.00000000100000000000 0.00000000100000000000 0.67045488160001776023 0.00208908254985627935 0.00000000100000000000 
0.53333106515416917048 0.00000000099999999999 0.00000000099999999999 0.00000000099999999999 0.46666892984583091541 0.00000000099999999999 0.00000000099999999999 
0.57270081119075266773 0.00000000099999999999 0.00000000099999999999 0.00000000099999999999 0.42729918380924741816 0.00000000099999999999 0.00000000099999999999 
0.70320605542858294346 0.00000000099999999999 0.00000000099999999999 0.00000000099999999999 0.29679393957141714244 0.00000000099999999999 0.00000000099999999999 
0.56046921301314001074 0.00000000099999999999 0.00000000099999999999 0.00000000099999999999 0.43953078198686001965 0.00000000099999999999 0.00000000099999999999 
0.47343524671735304210 0.07120202137805446696 0.01959080364130492621 0.00000000100000000000 0.43577192526328756284 0.00000000100000000000 0.00000000100000000000 
0.54562315679366424348 0.00000000104451005229 0.00000000099999999999 0.00000000099999999999 0.44004438891889635643 0.00000000099999999999 0.01433245024292953244 
0.67573141936306269084 0.00000000099999999998 0.00000000099999999998 0.00000000099999999998 0.32426857563693745057 0.00000000099999999998 0.00000000099999999998 
0.43863206329806764261 0.11151057944416306600 0.00000000099999999999 0.00000000099999999999 0.44985735325776932125 0.00000000099999999999 0.00000000099999999999 
0.52640656184475831392 0.00000000099999999999 0.00000000099999999999 0.00000000099999999999 0.47359343315524182749 0.00000000099999999999 0.00000000099999999999 
0.43418707862386390905 0.00000000099999999999 0.00000000099999999999 0.00000000099999999999 0.00000000099999999999 0.00000000099999999999 0.56581291637613584378 
0.00000000099999999999 0.00000000099999999999 0.00000000099999999999 0.00000000099999999999 0.00000000099999999999 0.00000000099999999999 0.99999999399999994765 
0.40463062060143845100 0.00000000099999999999 0.00000000099999999999 0.00000000099999999999 0.04795541197828735724 0.00000000099999999999 0.54741396342027415223 
0.00000000099999999998 0.00000000099999999998 0.00000000099999999998 0.00000000099999999998 0.00000000099999999998 0.00000000099999999998 0.99999999400000005867 
0.00000000100000000000 0.17836785251464865043 0.00000000100000000000 0.00000000100000000000 0.12890701078326469164 0.00000000100000000000 0.69272513270208668779 
0.00000000099999999999 0.00000000099999999999 0.00000000099999999999 0.00000000099999999999 0.00000000099999999999 0.00000000099999999999 0.99999999400000005867 
0.00000000099999999999 0.09190139766062747906 0.00000000099999999999 0.00000000099999999999 0.00000000099999999999 0.00000000099999999999 0.90809859733937248194 
0.00000000099999999998 0.00000000099999999998 0.00000000099999999998 0.00000000099999999998 0.00000000099999999998 0.00000000099999999998 0.99999999400000005867 
0.00000000099999999999 0.00000000099999999999 0.00000000099999999999 0.00000000099999999999 0.00000000099999999999 0.00000000099999999999 0.99999999400000005867 
0.00000000099999999998 0.00000000099999999998 0.00000000099999999998 0.00000000099999999998 0.00000000099999999998 0.00000000099999999998 0.99999999400000005867 
0.38663484627113148262 0.00000000099999999999 0.00000000099999999999 0.00000000099999999999 0.00000000099999999999 0.00000000099999999999 0.61336514872886838123 
0.39302254594668573073 0.00000000099999999999 0.00000000099999999999 0.00000000099999999999 0.00000000099999999999 0.00000000099999999999 0.60697744905331407761 
0.43514357015454585564 0.00000000099999999999 0.00000000099999999999 0.00000000099999999999 0.00000000099999999999 0.00000000099999999999 0.56485642484545406372 
0.00000000099999999999 0.00000000099999999999 0.00000000099999999999 0.00000000099999999999 0.00000000099999999999 0.00000000099999999999 0.99999999400000005867 
0.00000000099999999999 0.00000000430784201897 0.00000000099999999999 0.00000000099999999999 0.00000000099999999999 0.00000000099999999999 0.99999999069215805836 
0.00000000099999999999 0.00000000099999999999 0.00000000099999999999 0.00000000099999999999 0.00000000099999999999 0.00000000099999999999 0.99999999399999994765 
0.00000000099999999999 0.11813803088132401875 0.00000000099999999999 0.00000000099999999999 0.14971954333545292593 0.00000000099999999999 0.73214242178322297416 
0.00000000099999999999 0.00000000099999999999 0.00000000099999999999 0.00000000099999999999 0.00000000099999999999 0.00000000099999999999 0.99999999400000005867 
0.39750339190270667089 0.00000000099999999999 0.00000000099999999999 0.00000000099999999999 0.00000000099999999999 0.00000000099999999999 0.60249660309729324847 
0.38197299252886174337 0.00000000099999999999 0.00000000099999999999 0.00000000099999999999 0.07036783968032513104 0.00000000099999999999 0.54765916379081303056 
0.41411984583059369136 0.00000000099999999999 0.00000000099999999999 0.00000000099999999999 0.00000000099999999999 0.00000000099999999999 0.58588014916940611698 
0.00000000099999999998 0.00000000099999999998 0.00000000099999999998 0.00000000099999999998 0.00000000099999999998 0.00000000099999999998 0.99999999400000005867 
0.00000000099999999998 0.00000000099999999998 0.00000000099999999998 0.00000000099999999998 0.00000000099999999998 0.00000000099999999998 0.99999999400000005867 
0.00000000099999999999 0.00000004684506400298 0.00000000099999999999 0.00000000099999999999 0.00000000099999999999 0.00000000099999999999 0.99999994815493598033 
0.41874277071337540068 0.00000000099999999999 0.00000000099999999999 0.00000000099999999999 0.00000000099999999999 0.00000000099999999999 0.58125722428662440766 
0.38631196951623786306 0.00000000099999999999 0.00000000099999999999 0.00000000099999999999 0.00000000099999999999 0.00000000099999999999 0.61368802548376188977 
0.00000000099999999998 0.00000000099999999998 0.00000000099999999998 0.00000000099999999998 0.00000000099999999998 0.00000000099999999998 0.99999999400000005867 
0.00000000099999999999 0.00000000099999999999 0.00000000099999999999 0.00000000099999999999 0.77285951582981216035 0.00000000099999999999 0.22714047917018781453 
0.00000000099999999999 0.08167193862726911113 0.00000000099999999999 0.00000000099999999999 0.70415247518282098049 0.00000000099999999999 0.21417558218991009089 
0.32210085911974112305 0.00000000099999999999 0.00000000099999999999 0.00000000099999999999 0.67789893705995551976 0.00000000099999999999 0.00000019982030337434 
0.00000000099999999999 0.00000000099999999999 0.00000000099999999999 0.00000000099999999999 0.20114165787025997667 0.00000000099999999999 0.79885833712974008147 
