0.99999686934877385358 0.00000000100000000000 0.00000312965122625263 
0.99976659880611828957 0.00000000100000000000 0.00023340019388179783 
0.71470155665936163647 0.00000003458266544533 0.28529840875797302102 
0.56358543557088514042 0.01174572931390579535 0.42466883511520908678 
0.99999999800000005656 0.00000000099999999999 0.00000000099999999999 
0.71150527914073113944 0.00665361477170175845 0.28184110608756707261 
0.60682924328630871713 0.01351866537103853239 0.37965209134265281987 
0.99994369779885450278 0.00000000100000000000 0.00005630120114553351 
0.77985118455757318490 0.00006822505528777477 0.22008059038713898015 
0.99999999799999994554 0.00000000100000000000 0.00000000100000000000 
0.71901087082860848376 0.00077791158222879052 0.28021121758916267552 
0.69284949497423986564 0.00042324681694612940 0.30672725820881396874 
0.73315984155245650378 0.00041739894115103908 0.26642275950639260351 
0.60753085022426456252 0.00000000100000000000 0.39246914877573541025 
0.67955159117821450909 0.00000000100000000000 0.32044840782178546368 
0.99999317449019176074 0.00000000100000000000 0.00000682450980834039 
0.81294052005154648910 0.00000001209003612606 0.18705946785841751079 
0.83637601143343653920 0.00078855458585344650 0.16283543398070990382 
0.99999999800000005656 0.00000000100000000000 0.00000000100000000000 
0.99334256404440091082 0.00000000100000000000 0.00665743495559920160 
0.71288580081135077826 0.00000000100000000000 0.28711419818864930553 
0.62543950238322865154 0.00000567797310058846 0.37455481964367060010 
0.69765298567868061497 0.00019935750311222408 0.30214765681820715537 
0.67485815087090228470 0.00122659040407717065 0.32391525872502063832 
0.99999999800000005656 0.00000000099999999999 0.00000000099999999999 
0.93966684163658131812 0.00000000100000000000 0.06033315736341885588 
0.99999999800000005656 0.00000000099999999999 0.00000000099999999999 
0.28169477545761717474 0.00000000100000000000 0.71830522354238279803 
0.23802107329913074762 0.00000000100000000000 0.76197892570086933617 
0.22866720925086264637 0.00000000100000000000 0.77133278974913721537 
0.28336902182828954677 0.00000000233529917929 0.71663097583641122146 
0.25918379900868765420 0.00000022687981930578 0.74081597411149302523 
0.35714489691026096718 0.00807107163814345732 0.63478403145159556509 
0.20028830248165890859 0.00000000617550823076 0.79971169134283281998 
0.26295387661979685578 0.00005934105937022242 0.73698678232083303374 
0.28933635177479666289 0.00803456419007585708 0.70262908403512736033 
0.30622513978364640508 0.00000000143004711123 0.69377485878630640315 
0.36781179691331788995 0.00000000174240161426 0.63218820134428044266 
0.27749980517102490474 0.00000835070034899953 0.72249184412862599292 
0.42635443797509692265 0.00241654408217411090 0.57122901794272906706 
0.54675328861517380474 0.01301103401471228639 0.44023567737011393142 
0.44465579165974267184 0.02045163140233701923 0.53489257693792036097 
0.28309576170589900723 0.00000000100000000000 0.71690423729410102105 
0.31532669498725746093 0.00000000362922263730 0.68467330138351978341 
0.23703133145874405452 0.00000021296270592656 0.76296845557855008657 
0.25888381307084223915 0.00000000680894702234 0.74111618012021063251 
0.33885923219047897614 0.00000009487465150062 0.66114067293486944443 
0.30165934528146076676 0.00723756006878158685 0.69110309464975772098 
0.40595715778485924607 0.00000000168416434683 0.59404284053097633489 
0.35939632247103076024 0.00000000100000000000 0.64060367652896921253 
0.35726851346224686168 0.00297845959169920540 0.63975302694605395981 
0.36941824978721798933 0.00003264947984230595 0.63054910073293979345 
0.38493623384986008773 0.00000000100000000000 0.61506376515013982953 
0.27806394695573571907 0.00000000100000000000 0.72193605204426414268 
0.26252564371627179485 0.00000000100000000000 0.73747435528372817792 
0.35598851851804463875 0.00000000100000000000 0.64401148048195544504 
0.38287220625179779754 0.00000040859495522521 0.61712738515324694344 
0.40850087024961379001 0.00005756262944366668 0.59144156712094242412 
0.34601770950087484824 0.00001244596604268717 0.65396984453308260044 
0.31967557366375431993 0.01520468617802016482 0.66511974015822550310 
0.34796232104832591769 0.00001865793314559960 0.65201902101852837745 
0.31304976870389084054 0.00000007950947819310 0.68695015178663088040 
0.44371505988266385367 0.00000000882361990546 0.55628493129371614501 
0.26814560421766869824 0.00000000100000000000 0.73185439478233127453 
0.36426864690602489549 0.00000016932309779285 0.63573118377087722841 
0.30586465113067023980 0.00000201537661577549 0.69413333349271388872 
0.34754534341046244839 0.00000000100000000000 0.65245465558953763541 
0.33049012485582601739 0.00000000100000000000 0.66950987414417406640 
0.34642864665889006037 0.00062020238905379768 0.65295115095205613631 
0.29327824476218095073 0.70672175423781902204 0.00000000100000000000 
0.28596936822070895268 0.71403063077929107560 0.00000000100000000000 
0.20299419500142903972 0.79700580399857101632 0.00000000100000000000 
0.19821742157182514754 0.80178257742817493625 0.00000000100000000000 
0.25252567284461718833 0.74747432615538278444 0.00000000100000000000 
0.29160744376346586781 0.70839255523653399393 0.00000000100000000000 
0.25430652166628520128 0.74569347733371471598 0.00000000100000000000 
0.27817968757079902797 0.72182031142920100031 0.00000000100000000000 
0.16536353794205324585 0.83463646105794675467 0.00000000100000000000 
0.20620336192278360121 0.79379663707721648258 0.00000000100000000000 
0.28653476993577847720 0.71346522906422149557 0.00000000100000000000 
0.00000363800444847624 0.99999636099555155866 0.00000000100000000000 
0.23298741764212740901 0.76701258135787264703 0.00000000100000000000 
0.28079710505400790055 0.71920289394599212773 0.00000000100000000000 
0.19176064597555880775 0.80823935302444105400 0.00000000100000000000 
0.17549134409866062878 0.82450865490133939950 0.00000000100000000000 
0.17795642334322581135 0.82204357565677421693 0.00000000100000000000 
0.23543830336516446966 0.76456169563483544760 0.00000000100000000000 
0.00000000100000000000 0.00000000100000000000 0.99999999799999994554 
0.00000006138182621287 0.00000000100000000000 0.99999993761817373983 
0.00000000100000000000 0.00000000100000000000 0.99999999799999994554 
0.00003697243792804819 0.00000000100000000000 0.99996302656207203263 
0.00000000100000000000 0.00000000100000000000 0.99999999800000005656 
0.00000000100000000000 0.00000000100000000000 0.99999999799999994554 
0.00000111377075710179 0.00000000100000000000 0.99999888522924296197 
0.00000000100000000000 0.00000000100000000000 0.99999999800000005656 
0.00000000100000000000 0.00000000100000000000 0.99999999800000005656 
0.00000000099999999999 0.00000000099999999999 0.99999999800000005656 
0.00000000100000000000 0.00000000100000000000 0.99999999800000005656 
0.00000000100000000000 0.00000000100000000000 0.99999999800000005656 
0.00000000100000000000 0.00000000100000000000 0.99999999800000005656 
0.00000000099999999999 0.00000000099999999999 0.99999999800000005656 
0.00000000100000000000 0.00000000100000000000 0.99999999799999994554 
0.00000000100000000000 0.00000000100000000000 0.99999999800000005656 
0.00000000100000000000 0.00000000100000000000 0.99999999800000005656 
0.00000000100000000000 0.00000000100000000000 0.99999999800000005656 
0.00000000100000000000 0.00000000100000000000 0.99999999799999994554 
0.00000000100000000000 0.00000000100000000000 0.99999999800000005656 
0.79252311738326508550 0.00296764999803660577 0.20450923261869824454 
0.98030999452169953479 0.01527406573323955748 0.00441593974506095544 
0.85875505837626942007 0.00000022513509382510 0.14124471648863690110 
0.85851028898189984950 0.00627773335710251918 0.13521197766099765647 
0.83892830248534644433 0.05182586294550429323 0.10924583456914928326 
0.79051690803484098158 0.02021285613486842325 0.18927023583029051190 
0.89638270308042888868 0.00006394909472259143 0.10355334782484844347 
0.48367093819818363087 0.51632906080181639741 0.00000000100000000000 
0.00000000099999999999 0.99999999799999994554 0.00000000099999999999 
0.00012723062201108097 0.00000000100000000000 0.99987276837798888529 
0.00000000100000000000 0.00000000100000000000 0.99999999800000005656 
0.00000000100000000000 0.00000000100000000000 0.99999999799999994554 
0.00000000099999999999 0.99999999799999994554 0.00000000099999999999 
0.25948231688829553887 0.74051768211170443390 0.00000000100000000000 
0.00000000099999999999 0.99999999800000005656 0.00000000099999999999 
0.00000000099999999999 0.99999999799999994554 0.00000000099999999999 
0.01017260164230027707 0.74757190981708321331 0.24225548854061648707 
0.41740679413502124184 0.58259320486497867542 0.00000000100000000000 
0.39380534010018569679 0.60619465889981427598 0.00000000100000000000 
0.00000000099999999998 0.99999999799999994554 0.00000000099999999998 
0.00000000099999999999 0.99999999800000005656 0.00000000099999999999 
0.21853249891563045204 0.78146750008436960400 0.00000000100000000000 
0.00000000099999999999 0.99999999800000005656 0.00000000099999999999 
0.00000000099999999999 0.99999999800000005656 0.00000000099999999999 
0.00111927575001732524 0.99888072324998278262 0.00000000100000000000 
0.00000000201193819146 0.00000000100000000000 0.99999999698806174564 
0.00000000100000000000 0.00000000100000000000 0.99999999800000005656 
0.00000000100000000000 0.00000000100000000000 0.99999999799999994554 
0.00000000100000000000 0.00000000100000000000 0.99999999800000005656 
0.00000000100000000000 0.00000000100000000000 0.99999999799999994554 
0.00000000100000000000 0.00000000100000000000 0.99999999799999994554 
0.00000000100000000000 0.00000000100000000000 0.99999999800000005656 
0.00000000100000000000 0.00000000100000000000 0.99999999799999994554 
0.00000000100000000000 0.00000000100000000000 0.99999999799999994554 
0.00000000100000000000 0.00000000100000000000 0.99999999799999994554 
0.00000000100000000000 0.00000000100000000000 0.99999999800000005656 
0.21183992305491594621 0.00001153247998915003 0.78814854446509485797 
0.00000000100000000000 0.00000000100000000000 0.99999999799999994554 
0.00000000182162888790 0.00000000100000000000 0.99999999717837106950 
0.00000002756894885362 0.00000000100000000000 0.99999997143105112674 
0.00000000100000000000 0.00000000100000000000 0.99999999800000005656 
0.00000000246405066431 0.00000000100000000000 0.99999999653594928706 
0.00000000100000000000 0.00000000100000000000 0.99999999799999994554 
0.78735702020645748078 0.00003324855982201190 0.21260973123372048366 
0.82501388638973416345 0.00006718039446769911 0.17491893321579801701 
0.94262403392361560073 0.00004243969708543281 0.05733352637929899076 
0.82291473619642707682 0.00030595368104686748 0.17677931012252598442 
0.86685291267962005790 0.00166209058405504388 0.13148499673632493834 
0.80601755425612786610 0.00172344659425995765 0.19225899914961225301 
0.82821759988313981005 0.00265951515501212151 0.16912288496184804676 
0.87382614825788795798 0.00038847116804625583 0.12578538057406574158 
0.81196300734451476444 0.01309672272220378450 0.17494026993328148922 
0.81739736897118275838 0.00711743845259793853 0.17548519257621930656 
0.91162762478467185279 0.00000120093608872519 0.08837117427923953106 
0.84768692188482308580 0.00692510145258369222 0.14538797666259326014 
0.89537692050724615456 0.00226739386566382180 0.10235568562709011775 
0.86328824149690797096 0.00678198785042405643 0.12992977065266791969 
0.82637921724661378420 0.00430023874882410912 0.16932054400456200693 
0.92129564484330928043 0.01517592078257571850 0.06352843437411501148 
0.93326200483244536876 0.00011631615421575692 0.06662167901333883313 
0.86281915763515282247 0.00330840266696531609 0.13387243969788195641 
0.70064246052821210764 0.16479142112352979099 0.13456611834825818463 
0.90199278069599730934 0.00045184014262883009 0.09755537916137398124 
0.88285565390097298089 0.00017407819222116220 0.11697026790680591091 
0.89255807294599176505 0.00000001726852406606 0.10744190978548424920 
0.84620554495409472384 0.00360223238191865981 0.15019222266398651877 
0.86209552262279565138 0.00006690680269821459 0.13783757057450612971 
0.85913545990621920101 0.02737381968138893895 0.11349072041239186004 
0.82214221380725382993 0.01792371932354372074 0.15993406686920239035 
0.77325350082325783330 0.02596183422055548320 0.20078466495618665921 
0.77040616779904180778 0.00000004727631770491 0.22959378492464041499 
0.87417966298490634713 0.00000000100000000000 0.12582033601509370890 
0.48556765435877335957 0.30998257992549360651 0.20444976571573300617 
0.77755069057737269400 0.00252834578364590510 0.21992096363898147593 
0.83118415568291259543 0.00052383478687806036 0.16829200953020936882 
0.81786637497754621773 0.00100428660931960959 0.18112933841313416661 
0.90486044505474116928 0.00000000100000000000 0.09513955394525888676 
0.85323064503913070844 0.00014162180236850156 0.14662773315850069489 
0.78201419603122945823 0.01324060923904020297 0.20474519472973035095 
0.82494708228378310633 0.00813478288947604676 0.16691813482674081048 
0.78700275630480398537 0.00321059867917901105 0.20978664501601695935 
0.95669169200725323599 0.00000000100000000000 0.04330830699274686862 
0.84845066750929698518 0.00000000100000000000 0.15154933149070298759 
0.27692518388166698085 0.00000000100000000000 0.72307481511833304744 
0.30487649985802184327 0.00012029396535567827 0.69500320617662247891 
0.41446938619164541695 0.00093814877971434526 0.58459246502864037343 
0.41650482537033967079 0.00000000100000000000 0.58349517362966030198 
0.43611199834115743634 0.00000001703138399868 0.56388798462745848283 
0.42173268095204946571 0.00000000100000000000 0.57826731804795061809 
0.37702261377581031132 0.00381426282615866374 0.61916312339803114551 
0.36612735689349945600 0.00136996358035055524 0.63250267952615002454 
0.30411163672513330525 0.00000000100000000000 0.69588836227486672303 
0.43782242034899654382 0.00000000100000000000 0.56217757865100337344 
0.37707549366485931808 0.00000942081278326435 0.62291508552235741458 
0.44392248498265474144 0.00002239932520808828 0.55605511569213716960 
0.30274560946793832583 0.00000000100000000000 0.69725438953206153592 
0.34959847189225878861 0.00000430848365320096 0.65039721962408814093 
0.45736618864224265479 0.02790716223284826075 0.51472664912490906364 
0.28963891729060298186 0.00038001803758424911 0.70998106467181276713 
0.30371864354512190243 0.00000000100000000000 0.69628135545487790381 
0.32582427044262768367 0.00304299870890891930 0.67113273084846336580 
0.31291351029908859305 0.00000763483030225293 0.68707885487060915697 
0.32008015784239091106 0.00145317361514817902 0.67846666854246084899 
0.35002975686418347223 0.01730895727886540281 0.63266128585695113884 
0.32428693016978277219 0.00000000757410058990 0.67571306225611671437 
0.27925746865348927139 0.00000000100000000000 0.72074253034651070138 
0.36052023446991476874 0.00000000100000000000 0.63947976453008525954 
0.26397895636121787577 0.00000000100000000000 0.73602104263878198598 
0.51613565885284318213 0.00002411389450512052 0.48384022725265163345 
0.43862475384468374573 0.00000000100000000000 0.56137524515531611602 
0.42694485154082312262 0.00000000100000000000 0.57305514745917685016 
0.54034125822080536494 0.00000207304260896051 0.45965666873658561631 
0.46670246341733584439 0.00001883693575358898 0.53327869964691054783 
0.42406912434658211586 0.00180871985939919035 0.57412215579401870702 
0.53567525329524146027 0.00000000100000000000 0.46432474570475856801 
0.46036027485304997775 0.00000051101943712175 0.53963921412751292284 
0.42602983817154443935 0.00000000100000000000 0.57397016082845564444 
0.49176586495922280928 0.00000000709700836558 0.50823412794376887636 
0.51352564196726790957 0.00000126341369957460 0.48647309461903259775 
0.49880654530766899146 0.00000000100000000000 0.50119345369233103682 
0.48798753436486624890 0.00000000100000000000 0.51201246463513372387 
0.44806281088035987414 0.00000000401978727853 0.55193718509985290055 
0.54978019062842298226 0.00000000100000000000 0.45021980837157699051 
0.45217499497941809894 0.00139265447193610684 0.54643235054864591760 
0.44383518170850722040 0.00000000100000000000 0.55616481729149269686 
0.58092728086091616202 0.01216990337811363170 0.40690281576097020455 
0.46087591591913174005 0.00000000100000000000 0.53912408308086823272 
0.40963223500297690771 0.00000000100000000000 0.59036776399702317608 
0.53245080267402367102 0.00002318927807196209 0.46752600804790439559 
0.50208875297251054359 0.00001309201270649680 0.49789815501478290605 
0.42005331329375894533 0.00000000100000000000 0.57994668570624108295 
0.52226374200824321470 0.00000004848851528647 0.47773620950324147127 
0.59873226198570028700 0.00000001827152443081 0.40126771974277536392 
0.64596144061723292928 0.00001431143856955725 0.35402424794419756759 
0.47137976446742296810 0.00000000100000000000 0.52862023453257689365 
0.00000114425929408445 0.00000000100000000000 0.99999885474070582259 
0.11913706394469751604 0.00000000100000000000 0.88086293505530244285 
0.06508598411865613997 0.00000000100000000000 0.93491401488134373565 
0.28107477670452929441 0.00000028925038919546 0.71892493404508150956 
0.66719650077446057690 0.00000005551217175578 0.33280344371336767484 
0.03080950261956076283 0.00000000100000000000 0.96919049638043919259 
0.01811625643137716735 0.00000000100000000000 0.98188374256862276379 
0.14578429139564058614 0.00000000100000000000 0.85421570760435938663 
0.03254812951968701074 0.00000000100000000000 0.96745186948031303142 
0.16562314672526906589 0.00000000100000000000 0.83437685227473090688 
0.06173409765176577496 0.00000000100000000000 0.93826590134823428802 
0.08199986550033842858 0.00000000100000000000 0.91800013349966158582 
0.05641052765355244331 0.00000000100000000000 0.94358947134644766130 
0.02279290122729940235 0.00000003312157038475 0.97720706565113024666 
0.08892942655506844152 0.00000018688407126014 0.91107038656086036799 
0.17336905709966471401 0.00000000100000000000 0.82663094190033536979 
0.03981174955417767641 0.00000000100000000000 0.96018824944582226166 
0.66610897669833035728 0.00421766237241320580 0.32967336092925647595 
0.05045082136978529253 0.00000006234750448384 0.94954911628271021495 
0.00000000100000000000 0.00000000100000000000 0.99999999800000005656 
0.09751023076097870002 0.00000000100000000000 0.90248976823902138378 
0.04846219284833933744 0.00000000100000000000 0.95153780615166061452 
0.11857612754213114892 0.00000000100000000000 0.88142387145786893488 
0.08383557485815899823 0.00000000100000000000 0.91616442414184107168 
0.99999999799999994554 0.00000000100000000000 0.00000000100000000000 
0.99921203573126515796 0.00006241794462325045 0.00072554632411161416 
0.99133951325548697042 0.00858512132928009215 0.00007536541523299350 
0.99892790154084853960 0.00107205538391987975 0.00000004307523157057 
0.35367827366347104334 0.02501611247151519501 0.62130561386501381715 
0.99995169742668266188 0.00004636731078574349 0.00000193526253152311 
0.99999977379966298319 0.00000018873762518859 0.00000003746271177990 
0.99279248148408327790 0.00700586920354162243 0.00020164931237516136 
0.99998771706505651391 0.00001227884441018696 0.00000000409053328066 
0.97996643026133356535 0.01250134475522045666 0.00753222498344590687 
0.40164454754430789496 0.00079431784459030319 0.59756113461110182961 
0.42716246304531940714 0.00366137904007519032 0.56917615791460540731 
0.40984087021079568247 0.00000000100000000000 0.59015912878920429030 
0.37375684893729926861 0.00000000100000000000 0.62624315006270070416 
0.38647989292677320528 0.00000000100000000000 0.61352010607322671198 
0.36687268061729438884 0.00000000100000000000 0.63312731838270563944 
0.46519381170447676732 0.00000000100000000000 0.53480618729552320545 
0.80400125675285716298 0.00000000100000000000 0.19599874224714286530 
0.25357000919519767645 0.00004480020118602323 0.74638519060361641078 
0.43680022348964059331 0.00000000100000000000 0.56319977551035937946 
0.38762804015445023742 0.00000000100000000000 0.61237195884554973535 
0.41966332914482901151 0.00000000100000000000 0.58033666985517107229 
0.36797045739649453244 0.00000000100000000000 0.63202954160350544033 
0.47052555713582427943 0.00007085937567771281 0.52940358348849814174 
0.28506850515685949743 0.00074241549499027334 0.71418907934815023530 
0.43155925856225735293 0.00000000100000000000 0.56844074043774273086 
0.37487705927126574457 0.00000583021976227556 0.62511711050897200703 
0.63396784652878745980 0.00000000100000000000 0.36603215247121240195 
0.35987076002702106381 0.00000000100000000000 0.64012923897297890896 
0.41779342901408400568 0.00000000100000000000 0.58220656998591602260 
0.42213050057508233470 0.00000000100000000000 0.57786949842491774909 
0.40809537933968575985 0.00000000100000000000 0.59190461966031426844 
0.44560181868164133734 0.00935033598158625974 0.54504784533677252956 
0.32118919058842954062 0.00010905297399414774 0.67870175643757635342 
0.41225815402469062620 0.00000171494154702497 0.58774013103376232525 
0.43691420316983747840 0.00000000100000000000 0.56308579583016260539 
0.99999039047745397202 0.00000960852254609189 0.00000000100000000000 
0.99999841179449966422 0.00000158720550030534 0.00000000100000000000 
0.99973752382882186129 0.00021729003513282528 0.00004518613604523786 
0.99992451260539438884 0.00000090834875146066 0.00007457904585419156 
0.51174577721322667134 0.01333927324522959749 0.47491494954154384045 
0.99837081232464408576 0.00000003007433787413 0.00162915760101792488 
0.99563158268900864289 0.00436812600401988681 0.00000029130697143745 
0.99998208454823789282 0.00001791431449564311 0.00000000113726650834 
0.99877258048301098547 0.00119444454827896348 0.00003297496871002641 
0.99953456581293387284 0.00046543318706621128 0.00000000100000000000 
0.99999540977782164219 0.00000458922217839434 0.00000000100000000000 
0.91786645776856734535 0.06831904038033380366 0.01381450185109880067 
0.97472959372772727260 0.02447042210385717842 0.00079998416841560688 
0.99981389976220569338 0.00000641415307372553 0.00017968608472063887 
0.97313841270787426740 0.02685811247656188366 0.00000347481556381815 
0.98935793838692143165 0.00999060303836266442 0.00065145857471591174 
0.99999787487853109003 0.00000017655824497983 0.00000194856322383244 
0.95992695260950910985 0.01780142345803212636 0.02227162393245870134 
0.99709486850085660148 0.00268937341510863985 0.00021575808403481036 
0.99849013438639289131 0.00149250736084615625 0.00001735825276084825 
0.87138361166902456034 0.01056266030478737912 0.11805372802618800676 
0.89045924680987198485 0.00000014545867948121 0.10954060773144858043 
0.77008294893243378620 0.02641196776364155424 0.20350508330392461098 
0.79197484837269160884 0.00711623310376429102 0.20090891852354414437 
0.83456632317929002607 0.00053738968073611428 0.16489628713997384057 
0.93427666613054394240 0.01244733584432365821 0.05327599802513235255 
0.89100746566148536498 0.00095803986650510144 0.10803449447200950961 
0.66813929618994816195 0.00039052821101434712 0.33147017559903746431 
0.88413328783145861411 0.00007496177253602266 0.11579175039600531072 
0.79006778717260339739 0.00133325511806055698 0.20859895770933609138 
0.82158345200075844073 0.00547957510980634759 0.17293697288943524204 
0.92969688814214701544 0.00037769322941084949 0.06992541862844206535 
0.88058656625976561294 0.01429393651678037211 0.10511949722345399760 
0.30017555928087763517 0.69982443971912233760 0.00000000100000000000 
0.81950719894831303147 0.00002229406062534146 0.18047050699106151339 
0.00000000099999999999 0.99999999799999994554 0.00000000099999999999 
0.19133341138827530958 0.80866658361422649737 0.00000000499749815601 
0.00000000099999999998 0.99999999799999994554 0.00000000099999999998 
0.00000000099999999998 0.99999999799999994554 0.00000000099999999998 
0.00000000099999999999 0.99999999800000005656 0.00000000099999999999 
0.00000000099999999998 0.99999999800000005656 0.00000000099999999998 
0.00000000099999999998 0.99999999799999994554 0.00000000099999999998 
0.00000000099999999998 0.99999999799999994554 0.00000000099999999998 
0.38313305367900307719 0.53321159482389524076 0.08365535149710165430 
0.00000000099999999998 0.99999999799999994554 0.00000000099999999998 
0.00000000099999999998 0.99999999800000005656 0.00000000099999999998 
0.00000000099999999999 0.99999999799999994554 0.00000000099999999999 
0.00000000099999999999 0.99999999800000005656 0.00000000099999999999 
0.00000000099999999999 0.99999999800000005656 0.00000000099999999999 
0.00000000099999999998 0.99999999799999994554 0.00000000099999999998 
0.00000000099999999999 0.99999999799999994554 0.00000000099999999999 
0.00000000099999999999 0.00000000099999999999 0.99999999799999994554 
0.25304716342811328644 0.00650664105618350454 0.74044619551570312055 
0.00000000100000000000 0.00000000100000000000 0.99999999799999994554 
0.33349105742299328670 0.00001122527904266474 0.66649771729796403186 
0.00000000747529547944 0.00000000100000000000 0.99999999152470442354 
0.00000000100000000000 0.00000000100000000000 0.99999999799999994554 
0.00000000099999999999 0.00000000099999999999 0.99999999800000005656 
0.00000000100000000000 0.00000000100000000000 0.99999999799999994554 
0.00000000099999999999 0.00000000099999999999 0.99999999800000005656 
0.00000000099999999999 0.00000000099999999999 0.99999999800000005656 
0.00000168064253246432 0.00000000100000000000 0.99999831835746744169 
0.00000002324551015724 0.00000000100000000000 0.99999997575448984488 
0.00000074958132301390 0.01622600449796773175 0.98377324592070924947 
0.00000000100000000000 0.00000000100000000000 0.99999999800000005656 
0.00000006596995575334 0.00107571333806814277 0.99892422069197606138 
0.00002213412368716113 0.00000000100000000000 0.99997786487631290520 
0.00000000100000000000 0.00000000100000000000 0.99999999799999994554 
0.00000000330406759584 0.00000000100000000000 0.99999999569593245319 
0.00000000100000000000 0.00000000100000000000 0.99999999799999994554 
0.00000000100000000000 0.00000000100000000000 0.99999999799999994554 
0.10327123410069097287 0.00000000100000000000 0.89672876489930897215 
0.29904544924335230149 0.00000000100000000000 0.70095454975664761577 
0.23350991531460002504 0.00000409907386141166 0.76648598561153857833 
0.10364195058052629028 0.00000000100000000000 0.89635804841947364086 
0.64863021448874391695 0.02040014597370526372 0.33096963953755087484 
0.67953010857320550464 0.00000146471681972841 0.32046842670997488511 
0.67912167264874234718 0.00000015031217424044 0.32087817703908338984 
0.51105079395539421139 0.00000021145650344087 0.48894899458810231474 
0.61383093446671754823 0.00000001119612882098 0.38616905433715364993 
0.67636347572959965024 0.00000029504797952686 0.32363622922242085700 
0.68505620284724899616 0.00004082183502672750 0.31490297531772426520 
0.63678458773475532517 0.00000000100000000000 0.36321541126524470311 
0.72934469274105806491 0.00048776567783193043 0.27016754158111000450 
0.70161908658932969907 0.00579502806858963118 0.29258588534208057608 
0.67595782974288420863 0.00111901026287809227 0.32292315999423765183 
0.64769230623531759417 0.00000000100000000000 0.35230769276468243412 
0.69709135535440314158 0.00000417563741152276 0.30290446900818535081 
0.66188215275149075989 0.00000491914675311986 0.33811292810175613832 
0.63792012112374107957 0.00335663577422609400 0.35872324310203290709 
0.66430014920406599277 0.01289816382770054594 0.32280168696823346997 
0.73344274375471141258 0.00087895832647285233 0.26567829791881575341 
0.67621348751464016580 0.00000175426805720187 0.32378475821730262618 
0.64877813535443440429 0.01317480749585802496 0.33804705714970761932 
0.70794900300635388302 0.00000000156099436117 0.29205099543265167217 
0.59843398263807501269 0.00939680150486011702 0.39216921585706482345 
0.74958130404230671751 0.00000217172826122886 0.25041652422943194711 
0.61259865170397298506 0.00003270032953452855 0.38736864796649250753 
0.70029287186384681085 0.00000005519296811219 0.29970707294318504887 
0.76059702231071768530 0.00000091559332982002 0.23940206209595257802 
0.78339936600088511121 0.00000802177635640403 0.21659261222275846825 
0.66441288992804725666 0.00007177435092579302 0.33551533572102693048 
0.56829637300161095492 0.13707029696660014140 0.29463333003178882041 
0.73313056520894326340 0.00281789010355807659 0.26405154468749875152 
0.67434206086746506514 0.00317056712644557190 0.32248737200608940112 
0.71534496752041565326 0.00007772948210278089 0.28457730299748157377 
0.66093677113966697867 0.00018231088954435808 0.33888091797078861989 
0.72287927604159296635 0.00019147099255483819 0.27692925296585224615 
0.70953367835504443928 0.00001030927869281507 0.29045601236626278352 
0.70220732919140693706 0.00005597782413353022 0.29773669298445942788 
0.70088470837845440187 0.00001869639695431912 0.29909659522459136616 
0.49453065451665323415 0.00881913870976687789 0.49665020677357973877 
0.66800031753406763357 0.00000000100000000000 0.33199968146593233920 
0.65358152008944125910 0.00003207503111400630 0.34638640487944466484 
0.61628473882240453197 0.00000005570548897415 0.38371520547210657970 
0.68089913663299461710 0.00062696664784092637 0.31847389671916442877 
0.61685313496734295313 0.00000012639922220802 0.38314673863343479132 
0.64258785312097077558 0.00186944344434893540 0.35554270343468025173 
0.68958563573595321738 0.00714182820396916558 0.30327253606007770204 
0.69716470617047177072 0.01415224274804761234 0.28868305108148056837 
0.76101717122990353293 0.00044058060066392082 0.23854224816943259135 
0.64510306775136927460 0.00007891409303755720 0.35481801815559327329 
0.60976510816273798987 0.00139736400056447631 0.38883752783669750519 
0.69918920187542354938 0.00020406599141100599 0.30060673213316541075 
0.73000782436877720283 0.00052870270963085205 0.26946347292159189557 
0.64285461369584140368 0.00009425783077579367 0.35705112847338282833 
0.70866944220440886149 0.00000000100000000000 0.29133055679559122231 
0.53083234904428311385 0.07342645786933563179 0.39574119308638122661 
0.69170871527087973707 0.00426884122300914999 0.30402244350611096202 
0.64455095597425604570 0.00000000100000000000 0.35544904302574392707 
0.63489765932986963470 0.00077639079681155463 0.36432594987331873293 
0.20646925912105609791 0.00000000100000000000 0.79353073987894384711 
0.72869549783876808036 0.00029142963051410897 0.27101307253071782455 
0.60494158402204312175 0.00007918691909724326 0.39497922905885968214 
0.75486572487332082027 0.00000002508453474195 0.24513425004214434155 
0.58109945441302768288 0.00568013653520119902 0.41322040905177126469 
0.26625441029046242880 0.00000000100000000000 0.73374558870953754397 
0.72600375038153941443 0.00000811745596392108 0.27398813216249673363 
0.60301710404415953537 0.00052898858251956458 0.39645390737332097952 
0.66654005374677693929 0.00000456279631820942 0.33345538345690478588 
0.53400963981590554575 0.00185371012458475479 0.46413665005950954789 
0.57949414944576616016 0.00002189429867258837 0.42048395625556123090 
0.67741636735613486309 0.00000477090841936740 0.32257886173544586539 
0.63913518903053256892 0.00000991273566062343 0.36085489823380678676 
0.74325161283304774784 0.00459458918604926329 0.25215379798090298280 
0.59648741911223845946 0.00000002312254959950 0.40351255776521183227 
0.63438039063669671158 0.00902227909933593468 0.35659733026396733813 
0.64068154374659480599 0.00044313287059345659 0.35887532338281175059 
0.77753318986126562784 0.00000021651696839339 0.22246659362176599006 
0.62937423131470604520 0.00728420710202987501 0.36334156158326419428 
0.41563982410830407899 0.00000315257787860880 0.58435702331381744745 
0.37700112686804204687 0.00000337506159598774 0.62299549807036203042 
0.56907925269518422340 0.00000000100000000000 0.43092074630481563835 
0.86572147174953806292 0.00000000100000000000 0.13427852725046190985 
0.57517487319454529970 0.00027554396083785421 0.42454958284461691287 
0.25720974865788254204 0.00000000100000000000 0.74279025034211743073 
0.18437884478735455662 0.00000018444549990249 0.81562097076714556998 
0.28032845598054245695 0.00000053166688781710 0.71967101235256980551 
0.18877563149289497413 0.00000000100000000000 0.81122436750710491538 
0.25639499752990480008 0.00002442810163502431 0.74358057436846025645 
0.20733351950260045515 0.00111482187645383160 0.79155165862094567508 
0.22246555957218369648 0.00000002895946885757 0.77753441146834745279 
0.23766371486776438626 0.00000017476699348122 0.76233611036524218108 
0.26186449893758956264 0.00000593040501111328 0.73812957065739936979 
0.32857543987994713985 0.01123582087214839570 0.66018873924790455465 
0.17950941456640900906 0.00000023160467164828 0.82049035382891932766 
0.30510596946458778955 0.00000006708000424058 0.69489396345540799249 
0.24606658160549563230 0.00004239604453513264 0.75389102234996918650 
0.24380657468525962495 0.00049395947201909013 0.75569946584272118528 
0.28677018287987049439 0.00000000723132307652 0.71322980988880635422 
0.10487137818470046446 0.00000000100000000000 0.89512862081529942504 
0.25516116725544468746 0.00000005298354786097 0.74483877976100731910 
0.23417161891919976990 0.00060715465956062069 0.76522122642123957537 
0.21068168922505192686 0.00001552036105913356 0.78930279041388895500 
0.36321120033135256833 0.00200175091956770112 0.63478704874907976308 
0.38453404878860497629 0.00343018104263196179 0.61203577016876298256 
0.50725142591557281779 0.00000003531017095243 0.49274853877425628390 
0.33005017638174288797 0.00000000100000000000 0.66994982261825708481 
0.34251629386584048209 0.00000000434332890729 0.65748370179083048814 
0.32698771398002796085 0.00000046765455944108 0.67301181836541246195 
0.33633365957056338136 0.00000000100000000000 0.66366633942943653590 
0.16301323487349217434 0.00000000100000000000 0.83698676412650785394 
0.39782712894210664478 0.00000000121151196458 0.60217286984638140890 
0.31557386414846244627 0.00000201288728908700 0.68442412296424848250 
0.67354779270938580638 0.00000545384987534484 0.32644675344073875722 
0.30522401096223916728 0.00006473459158102300 0.69471125444617976008 
0.41907193132277037462 0.00010803156006032647 0.58082003711716934102 
0.25440858465030052882 0.00000000100000000000 0.74559141434969955498 
0.44375567495874607138 0.01690180277938085202 0.53934252226187306967 
0.00000765908644588638 0.00000000100000000000 0.99999233991355418461 
0.21570024443622345944 0.00400970970624058357 0.78029004585753591883 
0.00011611352354135846 0.00000000100000000000 0.99988388547645867810 
0.20468855755261400331 0.00000000100000000000 0.79531144144738596946 
0.08499953980777205653 0.00000000100000000000 0.91500045919222794399 
0.13150468675544832453 0.00068683661736542790 0.86780847662718629820 
0.00000000100000000000 0.00000000100000000000 0.99999999800000005656 
0.02481079551815658368 0.00000000100000000000 0.97518920348184334745 
0.05295613893850373288 0.00000000100000000000 0.94704386006149621213 
0.25632861376657339880 0.00000000100000000000 0.74367138523342668499 
0.00000049274894068773 0.00000000100000000000 0.99999950625105926694 
0.09105543115504383112 0.00000000153895227391 0.90894456730600381444 
0.35317507590354646485 0.00000000100000000000 0.64682492309645356343 
0.00134233307895845612 0.00000000100000000000 0.99865766592104165955 
0.07634497701304022999 0.00000000323021254692 0.92365501975674724200 
0.17382174106299863592 0.00000000100000000000 0.82617825793700139236 
0.00201778843092159784 0.00000000100000000000 0.99798221056907843174 
0.20788456116742648483 0.00002007484069584882 0.79209536399187763234 
0.17850508341487297814 0.00000000100000000000 0.82149491558512688361 
0.00183949774166293598 0.00679688318496084708 0.99136361907337622323 
0.23962962562551848311 0.00000035961623870797 0.76037001475824284036 
0.00124684697369134806 0.00000000100000000000 0.99875315202630876588 
0.00000388117233155231 0.00000000329821729501 0.99999611552945111281 
0.21775873385597951937 0.00003057715426354373 0.78221068898975698591 
0.33431718963317835769 0.00000000100000000000 0.66568280936682167059 
0.62278100804361558041 0.00644143897208306233 0.37077755298430131736 
0.27513662841272040760 0.00000000452064874108 0.72486336706663079266 
0.74918209236710420207 0.00000000100000000000 0.25081790663289582621 
0.29799384561601927057 0.00000013850622798779 0.70200601587775268708 
0.26351498242862769761 0.00011299022255896290 0.73637202734881335164 
0.63405908573790858984 0.00005515350898770349 0.36588576075310380586 
0.70183959712548238397 0.00149522903826501425 0.29666517383625251592 
0.02925074996896982055 0.00000000100000000000 0.97074924903103021467 
0.70001771360163544955 0.00805997846021428224 0.29192230793815032719 
0.20917685047258555153 0.00000010970418322207 0.79082303982323121083 
0.00030040373910898238 0.00000000100000000000 0.99969959526089091639 
0.10283571355952152160 0.00000000100000000000 0.89716428544047843729 
0.33780648626464099271 0.00000332975251304103 0.66219018398284601457 
0.00507734924414247977 0.00000000100000000000 0.99492264975585753550 
0.09629657116768604308 0.00000000100000000000 0.90370342783231405459 
0.13124331313535095300 0.00000000100000000000 0.86875668586464915855 
0.31448084007358606540 0.00000005592628416632 0.68551910400012971980 
0.24308171023442426417 0.00000000100000000000 0.75691828876557565309 
0.36479886462473176678 0.00000000114493064008 0.63520113423033752742 
0.43841010702013144540 0.00027938174998704945 0.56131051122988162572 
0.36023799066176620531 0.00033542090554445882 0.63942658843268940227 
0.00989051107812047824 0.00000000100000000000 0.99010948792187947198 
0.55829807829677691178 0.00230833305323383539 0.43939358864998934173 
0.24037252305561779275 0.00005483476276638958 0.75957264218161590907 
0.67079762991609459544 0.00177394184585877844 0.32742842823804668706 
0.28617980087467365102 0.00000084974501344844 0.71381934938031299520 
0.21407604860016457571 0.00000011988653934668 0.78592383151329614499 
0.28850795907747117663 0.00000000100000000000 0.71149203992252885165 
0.31474437573420127601 0.00003966037038710626 0.68521596389541161720 
0.24665278144175314945 0.00000361880259495741 0.75334359975565190481 
0.31627442641647401933 0.00002988420038701185 0.68369568938313896034 
0.30998423035287830940 0.00000000185747258222 0.69001576778964912595 
0.39803973462558589480 0.00013072463264583972 0.60182954074176830961 
0.33545961949912539435 0.00000251068563944636 0.66453786981523510491 
0.29024740694037604039 0.00529040416653678812 0.70446218889308709343 
0.41556996543524882259 0.00609301214842277675 0.57833702241632833907 
0.28264361768963147670 0.00273010626107603053 0.71462627604929240821 
0.27418838143558943443 0.00000000100000000000 0.72581161756441059385 
0.22523010554266628680 0.00000000100000000000 0.77476989345733371373 
0.32024862290918887364 0.01936068602597661170 0.66039069106483450078 
0.31126821409199362245 0.00229117651288220743 0.68644060939512407948 
0.99664793886469249529 0.00000791852394490427 0.00334414261136262462 
0.99999997051433142659 0.00000002848566859786 0.00000000100000000000 
0.99997506597046992294 0.00000502205597215249 0.00001991197355793911 
0.99981529543557634554 0.00000014378483551629 0.00018456077958822848 
0.99932455077678805644 0.00067544081752884304 0.00000000840568319131 
0.98568054815444372529 0.01431535070565321914 0.00000410113990301241 
0.99999853149453798995 0.00000146750546200981 0.00000000100000000000 
0.99999999689665131086 0.00000000179783729429 0.00000000130551134837 
0.99999991996982939835 0.00000000100000000000 0.00000007903017059291 
0.99937931894181641912 0.00001544082561300319 0.00060524023257057537 
0.98711431760843382222 0.00379934534894118322 0.00908633704262500064 
0.99999946184892463119 0.00000000100000000000 0.00000053715107530273 
0.99524318789939514307 0.00475230361707643188 0.00000450848352838793 
0.99947621196882163730 0.00052378703117832159 0.00000000100000000000 
