0.00000000099999999999 0.33520250542389434800 0.66479749057610559859 0.00000000099999999999 0.00000000099999999999 0.00000000099999999999 
0.18237035596826262074 0.00000000099999999999 0.81762964003173732586 0.00000000099999999999 0.00000000099999999999 0.00000000099999999999 
0.00000000100000000000 0.62470312818434359237 0.08491423650336950291 0.00000000100000000000 0.29038263231228689243 0.00000000100000000000 
0.00000000100000000000 0.48637980042265471781 0.09401257739729360074 0.00000000100000000000 0.41552725594516465302 0.00408036423488707285 
0.03129192099234216762 0.00000000099999999997 0.96870807500765798714 0.00000000099999999997 0.00000000099999999997 0.00000000099999999997 
0.00000000100000000000 0.52748751230563362125 0.18804136982574873316 0.00000000100000000000 0.28447111486861759166 0.00000000100000000000 
0.29756811006909933415 0.42409657553177626532 0.05402057974100832327 0.01341188141647772607 0.20974383861872511470 0.00115901462291336400 
0.20009212344286766982 0.00189998284031633337 0.79800789071681599296 0.00000000099999999999 0.00000000099999999999 0.00000000099999999999 
0.00000000100000000000 0.74112266801623349899 0.03247517165834296060 0.00000000100000000000 0.22640215732542348648 0.00000000100000000000 
0.00000000099999999998 0.00000000099999999998 0.99999999499999991937 0.00000000099999999998 0.00000000099999999998 0.00000000099999999998 
0.00000000100000000000 0.49555350310651119505 0.22284922347932201170 0.00000000100000000000 0.27958877115830382820 0.00200850025586305414 
0.00000000100000000000 0.60980998321788126848 0.07828902331553216909 0.00000000100000000000 0.31190099046658642523 0.00000000100000000000 
0.00000000100000000000 0.60245386132243627930 0.11997662698067761144 0.00000000100000000000 0.27756950869688612471 0.00000000100000000000 
0.00000000100000000000 0.48590039209292051892 0.12253775739871332340 0.00000000100000000000 0.39156184750836614539 0.00000000100000000000 
0.00000000100000000000 0.60739657838291105652 0.06637612303759671262 0.00000000100000000000 0.32622729557949231571 0.00000000100000000000 
0.00000000099999999998 0.00000000099999999998 0.99999999500000003039 0.00000000099999999998 0.00000000099999999998 0.00000000099999999998 
0.00000000099999999999 0.73449183213990076879 0.06323601894097642673 0.00000000099999999999 0.20227214591912273667 0.00000000099999999999 
0.34739396821880963451 0.57443735428516318198 0.07816768425065667714 0.00000000100000000000 0.00000000100000000000 0.00000099124537037618 
0.00000000099999999998 0.00000000099999999998 0.99999999499999991937 0.00000000099999999998 0.00000000099999999998 0.00000000099999999998 
0.00000000099999999997 0.00000000099999999997 0.99999999500000003039 0.00000000099999999997 0.00000000099999999997 0.00000000099999999997 
0.00000000099999999999 0.49242218993354908152 0.21268664449757276880 0.00000000099999999999 0.29489116256887815126 0.00000000099999999999 
0.00000000099999999999 0.51630831964955103963 0.10064414411765772173 0.00000000099999999999 0.38304753323279133737 0.00000000099999999999 
0.00000000099999999999 0.61055743045742338904 0.07605100558266457422 0.00000000099999999999 0.31339156095991216322 0.00000000099999999999 
0.30917664069971872998 0.45473607947641753180 0.07066145518046965113 0.00000000100000000000 0.16542555287078192228 0.00000027077261214832 
0.00000000099999999998 0.00000000099999999998 0.99999999500000003039 0.00000000099999999998 0.00000000099999999998 0.00000000099999999998 
0.23866605489007652885 0.11460834440603799578 0.64672559770388549083 0.00000000099999999999 0.00000000099999999999 0.00000000099999999999 
0.00000000099999999998 0.00000000099999999998 0.99999999500000003039 0.00000000099999999998 0.00000000099999999998 0.00000000099999999998 
0.99999999500000014141 0.00000000099999999999 0.00000000099999999999 0.00000000099999999999 0.00000000099999999999 0.00000000099999999999 
0.99999999500000014141 0.00000000099999999999 0.00000000099999999999 0.00000000099999999999 0.00000000099999999999 0.00000000099999999999 
0.53137293747907943242 0.06704862987330335866 0.05106194789521131816 0.00000000100000000000 0.35051648275240582242 0.00000000100000000000 
0.99999999500000014141 0.00000000099999999999 0.00000000099999999999 0.00000000099999999999 0.00000000099999999999 0.00000000099999999999 
0.99999999500000014141 0.00000000099999999999 0.00000000099999999999 0.00000000099999999999 0.00000000099999999999 0.00000000099999999999 
0.42799120639648363662 0.27291334634627123501 0.00000000100000000000 0.00000000100000000000 0.27952855483762611977 0.01956689041961903394 
0.99999999500000003039 0.00000000099999999999 0.00000000099999999999 0.00000000099999999999 0.00000000099999999999 0.00000000099999999999 
0.44050675120572108101 0.11250810110027989475 0.06787306964314272772 0.00000000100000000000 0.37911207605085628369 0.00000000100000000000 
0.47824505973455638808 0.21315860255054058792 0.00000000100000000000 0.00000000100000000000 0.30859633471490299783 0.00000000100000000000 
0.42808349613297747016 0.22685206968782034576 0.00000000100000000000 0.00000000100000000000 0.34506443117920204688 0.00000000100000000000 
0.99999999500000003039 0.00000000099999999999 0.00000000099999999999 0.00000000099999999999 0.00000000099999999999 0.00000000099999999999 
0.48849820237997521044 0.13464592015548004778 0.05456716510589258023 0.00000000100000000000 0.32228871035865208627 0.00000000100000000000 
0.53034142124553029785 0.32943802079196726762 0.00000000100000000000 0.00000000100000000000 0.14022055496250235285 0.00000000100000000000 
0.18688791820417638423 0.35083085706353950295 0.16005345091251824141 0.01108752919437108395 0.29114024362539481228 0.00000000100000000000 
0.62397689395133026924 0.10421943483600328018 0.16024047005073724370 0.00700971439774846720 0.09393542842174017193 0.01061805834244071087 
0.54299157252297436393 0.15681381921216336339 0.01768686826671922105 0.00000000100000000000 0.28250773799814288267 0.00000000100000000000 
0.99999999500000003039 0.00000000099999999999 0.00000000099999999999 0.00000000099999999999 0.00000000099999999999 0.00000000099999999999 
0.48052837194763958761 0.00000013273144388787 0.14578968595977126466 0.00000000100000000000 0.37368180736114525731 0.00000000100000000000 
0.58563320892070480639 0.13318243370264840064 0.00332221615986228987 0.00000000100000000000 0.27663294157282114494 0.00122919864396345215 
0.65601875098819051324 0.15725863762776129406 0.00000000099999999999 0.00000000099999999999 0.18672260838404819427 0.00000000099999999999 
0.99999999500000014141 0.00000000099999999998 0.00000000099999999998 0.00000000099999999998 0.00000000099999999998 0.00000000099999999998 
0.83450916927554863456 0.16377691817644524086 0.00000000099999999999 0.00000000099999999999 0.00171390954800604463 0.00000000099999999999 
0.29037096500126952092 0.30442560838159732350 0.00000000100000000000 0.00000000100000000000 0.40520342361713312940 0.00000000100000000000 
0.28977689339299134152 0.31557889369191105544 0.00000000100000000000 0.00000000100000000000 0.39298040177346094115 0.00166380914163663236 
0.29114898110365294848 0.31423570198120182040 0.00000000100000000000 0.00000000100000000000 0.39440280554433737592 0.00021250937080805906 
0.27894224446119741945 0.32603983766219596374 0.01065162758489439886 0.00000000100000000000 0.38436628829171226585 0.00000000100000000000 
0.90219903464579698227 0.00000000099999999999 0.00000000099999999999 0.00000000099999999999 0.09780096135420311698 0.00000000099999999999 
0.36148731235008735307 0.21084509940626169899 0.00000000100000000000 0.00000000100000000000 0.42766758524365089400 0.00000000100000000000 
0.70795723144089461876 0.13469809485160599838 0.00000000099999999999 0.00000000099999999999 0.15734467070749935669 0.00000000099999999999 
0.62461993785787905953 0.17050947652126871579 0.01833282327525727340 0.00000000100000000000 0.18653776034559499397 0.00000000100000000000 
0.60628470512054355446 0.22494834502436308887 0.00000000100000000000 0.00000000100000000000 0.16447652764497550093 0.00429042021011804414 
0.26160812868360866501 0.30847587094015821441 0.00000000246309038794 0.00000000100000000000 0.42991599591314272333 0.00000000100000000000 
0.19193958999286531153 0.20513994931947754363 0.09631119991848900719 0.00000000100000000000 0.48901794890283922790 0.01759131086632879232 
0.25962216416566591404 0.28794040735228332295 0.01854784382045149282 0.00000000100000000000 0.43388958266159921573 0.00000000100000000000 
0.24866295458481429970 0.28315205585255887044 0.00000000100000000000 0.00000000100000000000 0.46818498656262669266 0.00000000100000000000 
0.61846959933730927261 0.24992652397483791638 0.00000000100000000000 0.00000000100000000000 0.13013761910556040369 0.00146625558229237694 
0.22518317760917216930 0.25017701390848406939 0.00000000100000000000 0.00000000100000000000 0.52463980548234367962 0.00000000100000000000 
0.26667688667714706252 0.31668628995503217416 0.00000000100000000000 0.00000000100000000000 0.41211910530359596727 0.00451771606422489945 
0.59018534076801187904 0.14744624231272751569 0.00000000100000000000 0.00000000100000000000 0.26236841391926063460 0.00000000100000000000 
0.35281345450363882366 0.25318967490785160290 0.04099172301139870911 0.00000000100000000000 0.35170836713008013508 0.00129677944703080719 
0.18101344148110476429 0.31819131827248370303 0.00002402755634556951 0.00000000100000000000 0.50077121069006591547 0.00000000100000000000 
0.62597089505267655696 0.13648301896028181002 0.00353089254541677717 0.00000000100000000000 0.23255044226894405757 0.00146475017268083568 
0.08965687782742133571 0.23986151543262193564 0.00000000099999999999 0.63355374890004123589 0.00000000099999999999 0.03692785583991561871 
0.00000000099999999999 0.27880063427404661036 0.00000000099999999999 0.48833222546564475364 0.00000000099999999999 0.23286713726030863758 
0.09173543521061455763 0.14556176550341237697 0.00000000099999999999 0.69882901418625831269 0.00000000099999999999 0.06387378309971480927 
0.00000000099999999999 0.27518979191781756111 0.00000000099999999999 0.65681994402016752321 0.00000000099999999999 0.06799026106201497277 
0.00000000099999999999 0.33660726132427948309 0.00000000099999999999 0.66339273467572046350 0.00000000099999999999 0.00000000099999999999 
0.06636732099245172545 0.26325861214826151713 0.00000000099999999999 0.63810033132483712226 0.00000000099999999999 0.03227373353444962928 
0.00000000099999999999 0.34607856433875594515 0.00000000099999999999 0.65392143166124416798 0.00000000099999999999 0.00000000099999999999 
0.06859760016677447780 0.24399792203509651500 0.00000000099999999999 0.65956539990660956185 0.00000000099999999999 0.02783907589151945680 
0.00000000099999999999 0.23982814657799006453 0.00000000099999999999 0.66064130531957432346 0.00000000099999999999 0.09953054510243554420 
0.00000000099999999999 0.26899610893126374433 0.00000000099999999999 0.64095737193767732265 0.00000000099999999999 0.09004651613105893460 
0.00000000099999999999 0.33963139799750385883 0.00055436954556568028 0.65018360687644505269 0.00000000099999999999 0.00963062358048556201 
0.00000000099999999999 0.08982709046963680000 0.00000000099999999999 0.79905491572399789391 0.00000000099999999999 0.11111799080636537707 
0.09760838507675134723 0.15933618968330642840 0.00000000099999999999 0.63599373824736904481 0.00000000099999999999 0.10706168499257311122 
0.09562512683809093472 0.21357877070729927582 0.00000000099999999999 0.65943649592516129232 0.00000000099999999999 0.03135960452944844962 
0.00000000099999999999 0.25496441201987424252 0.00000000099999999999 0.67667829494558617842 0.00000000099999999999 0.06835729003453945574 
0.00000000099999999999 0.26856267887855911347 0.00000000099999999999 0.68844668965479716150 0.00000000099999999999 0.04299062846664383070 
0.04700159132538476309 0.15532063377971150331 0.00000000099999999999 0.77298427091565580227 0.00000000099999999999 0.02469350197924790810 
0.01836518232780054438 0.25449875147367007067 0.00000000099999999999 0.70247484426265427437 0.00000000099999999999 0.02466121993587509428 
0.29914458697654594532 0.00000000099999999999 0.00000000099999999999 0.00000000099999999999 0.70085540902345400127 0.00000000099999999999 
0.31992120998155759715 0.00000000099999999999 0.00000000099999999999 0.00000000099999999999 0.68007878601844218291 0.00000000099999999999 
0.33256622899102783464 0.00000000099999999999 0.00000000099999999999 0.00000000099999999999 0.66743376700897216747 0.00000000099999999999 
0.34409111265195319040 0.00000000099999999999 0.00000000099999999999 0.00000000099999999999 0.65590888334804675619 0.00000000099999999999 
0.27712133908200037302 0.00000000099999999999 0.00000000099999999999 0.00000000099999999999 0.72287865691799946255 0.00000000099999999999 
0.00000000099999999999 0.00000000099999999999 0.00000000099999999999 0.00000000099999999999 0.99999999500000003039 0.00000000099999999999 
0.00000000099999999999 0.00000000099999999999 0.02333272757319024629 0.00000000099999999999 0.97666726842680962051 0.00000000099999999999 
0.00000000099999999999 0.00000000099999999999 0.00000000099999999999 0.00000000099999999999 0.99999999500000003039 0.00000000099999999999 
0.00000000099999999999 0.00000000099999999999 0.00000000099999999999 0.00000000099999999999 0.99999999499999991937 0.00000000099999999999 
0.27550311422759837798 0.00000000099999999999 0.00000000099999999999 0.00000000099999999999 0.72449688177240156861 0.00000000099999999999 
0.33527545599605285132 0.00000000099999999999 0.00000000099999999999 0.00000000099999999999 0.66472454000394698426 0.00000000099999999999 
0.30004129394108991491 0.00000000099999999999 0.00000000099999999999 0.00000000099999999999 0.69995870205890986515 0.00000000099999999999 
0.00000000099999999999 0.00000000099999999999 0.00000000099999999999 0.00000000099999999999 0.99999999499999991937 0.00000000099999999999 
0.00000000099999999998 0.00000000099999999998 0.00000000099999999998 0.00000000099999999998 0.99999999500000003039 0.00000000099999999998 
0.00000000099999999999 0.00000000099999999999 0.00000000099999999999 0.00000000099999999999 0.99999999500000003039 0.00000000099999999999 
0.00000000099999999999 0.00000000099999999999 0.00000000099999999999 0.00000000099999999999 0.99999999500000003039 0.00000000099999999999 
0.00000000099999999999 0.00000000099999999999 0.00000000099999999999 0.00000000099999999999 0.99999999499999991937 0.00000000099999999999 
0.00000000099999999999 0.00000000099999999999 0.00000000099999999999 0.00000000099999999999 0.99999999499999991937 0.00000000099999999999 
0.00000000099999999999 0.00000000099999999999 0.00000000099999999999 0.00000000099999999999 0.99999999500000003039 0.00000000099999999999 
0.00000000099999999999 0.00000000099999999999 0.00000000099999999999 0.00000000099999999999 0.99999999500000003039 0.00000000099999999999 
0.02549871730976298323 0.71756914094536405901 0.07013397613572514011 0.00000000100000000000 0.18679816360914794360 0.00000000100000000000 
0.26666068347383614645 0.67196112573075783558 0.04488957449746957401 0.01648861429793628194 0.00000000100000000000 0.00000000100000000000 
0.35119762537975263150 0.64880237062024748163 0.00000000100000000000 0.00000000100000000000 0.00000000100000000000 0.00000000100000000000 
0.33358731543714048584 0.66380611241105713649 0.00000000138331371882 0.00260656876848878137 0.00000000100000000000 0.00000000100000000000 
0.27690387670698607403 0.67989004407590403201 0.00000000100000000000 0.03851836765370904997 0.00000000100000000000 0.00468770956340093092 
0.36284105565093516255 0.52009131082759496589 0.10029419560296612413 0.01591785535649391931 0.00000000100000000000 0.00085558156200963025 
0.31874459611902988820 0.63103814663045332267 0.05021725425051692254 0.00000000100000000000 0.00000000100000000000 0.00000000100000000000 
0.00000000099999999999 0.39923646653559297093 0.00000000099999999999 0.00000000099999999999 0.00000000099999999999 0.60076352946440692016 
0.00000000099999999985 0.00000000099999999985 0.00000000099999999985 0.00000000099999999985 0.00000000099999999985 0.99999999500000003039 
0.00000000099999999999 0.00000000099999999999 0.01565991073199963016 0.00000000099999999999 0.98434008526800031991 0.00000000099999999999 
0.00000000099999999999 0.00000000099999999999 0.00000000099999999999 0.00000000099999999999 0.99999999499999991937 0.00000000099999999999 
0.00000000099999999999 0.00000000099999999999 0.00000000099999999999 0.00000000099999999999 0.99999999500000003039 0.00000000099999999999 
0.00000000099999999987 0.00000000099999999987 0.00000000099999999987 0.00000000099999999987 0.00000000099999999987 0.99999999499999991937 
0.00000000099999999999 0.11668014291731101939 0.00000000099999999999 0.07340078120883458679 0.00000000099999999999 0.80991907287385445091 
0.00000000099999999985 0.00000000099999999985 0.00000000099999999985 0.00000000099999999985 0.00000000099999999985 0.99999999499999991937 
0.00000000099999999991 0.00000000099999999991 0.00000000099999999991 0.00000000099999999991 0.00000000099999999991 0.99999999499999991937 
0.00000000099999999999 0.00000000099999999999 0.00000000099999999999 0.00000000099999999999 0.12663777226262820652 0.87336222373737182334 
0.00000000099999999999 0.36209532986127263010 0.00000000099999999999 0.04397637188075403242 0.00000000099999999999 0.59392829525797319334 
0.00000000099999999999 0.26104140539002229637 0.00000000099999999999 0.22331772214658901499 0.00000000099999999999 0.51564086946338849593 
0.00000000099999999984 0.00000000099999999984 0.00000000099999999984 0.00000000099999999984 0.00000000099999999984 0.99999999499999991937 
0.00000000099999999985 0.00000000099999999985 0.00000000099999999985 0.00000000099999999985 0.00000000099999999985 0.99999999499999991937 
0.00000000099999999997 0.00000000099999999997 0.00000000099999999997 0.00000000099999999997 0.00000000099999999997 0.99999999499999991937 
0.00000000099999999986 0.00000000099999999986 0.00000000099999999986 0.00000000099999999986 0.00000000099999999986 0.99999999500000003039 
0.00000000099999999988 0.00000000099999999988 0.00000000099999999988 0.00000000099999999988 0.00000000099999999988 0.99999999500000003039 
0.00000000099999999992 0.00000000099999999992 0.00000000099999999992 0.00000000099999999992 0.00000000099999999992 0.99999999499999991937 
0.32338526190575023200 0.00000000099999999999 0.00000000099999999999 0.00000000099999999999 0.67661473409424965908 0.00000000099999999999 
0.32855276899958696379 0.00000000099999999999 0.00000000099999999999 0.00000000099999999999 0.67144722700041292729 0.00000000099999999999 
0.32593202260256631808 0.00000000099999999999 0.00000000099999999999 0.00000000099999999999 0.67406797339743362851 0.00000000099999999999 
0.30890597190118840309 0.00000000099999999999 0.00000000099999999999 0.00000000099999999999 0.69109402409881137697 0.00000000099999999999 
0.29733027633251113420 0.00000000099999999999 0.00000000099999999999 0.00000000099999999999 0.70266971966748870138 0.00000000099999999999 
0.32781787786037336341 0.00000000099999999999 0.00000000099999999999 0.00000000099999999999 0.67218211813962647216 0.00000000099999999999 
0.00000000099999999999 0.00000000099999999999 0.00000000099999999999 0.00000000099999999999 0.99999999500000003039 0.00000000099999999999 
0.34269580058049092797 0.00000000099999999999 0.00000000099999999999 0.00000000099999999999 0.65730419541950901863 0.00000000099999999999 
0.00000000099999999999 0.00000000099999999999 0.00000000099999999999 0.00000000099999999999 0.99999999499999991937 0.00000000099999999999 
0.00000000099999999999 0.00000000099999999999 0.00000000099999999999 0.00000000099999999999 0.99999999499999991937 0.00000000099999999999 
0.00000000099999999999 0.00000000099999999999 0.00000000099999999999 0.00000000099999999999 0.99999999500000003039 0.00000000099999999999 
0.00000000099999999999 0.24772966089122280819 0.00000000099999999999 0.00000000099999999999 0.75227033510877716616 0.00000000099999999999 
0.00000000099999999999 0.00000000099999999999 0.00000000099999999999 0.00000000099999999999 0.99999999500000003039 0.00000000099999999999 
0.00000000099999999999 0.00000000099999999999 0.00000000099999999999 0.00000000099999999999 0.99999999499999991937 0.00000000099999999999 
0.00000000099999999999 0.00000000099999999999 0.00000000099999999999 0.00000000099999999999 0.99999999499999991937 0.00000000099999999999 
0.30829696752018731498 0.00000000099999999999 0.00000000099999999999 0.00000000099999999999 0.69170302847981246508 0.00000000099999999999 
0.31479386137473097662 0.00000000099999999999 0.00000000099999999999 0.00000000099999999999 0.68520613462526891446 0.00000000099999999999 
0.30624704761011056764 0.00000000099999999999 0.00000000099999999999 0.00000000099999999999 0.69375294838988921242 0.00000000099999999999 
0.36353867599182393411 0.63646132000817623453 0.00000000100000000000 0.00000000100000000000 0.00000000100000000000 0.00000000100000000000 
0.36707342934867415174 0.63292656665132596139 0.00000000100000000000 0.00000000100000000000 0.00000000100000000000 0.00000000100000000000 
0.00000000099999999999 0.95308182075635716757 0.00000000099999999999 0.00000000099999999999 0.04691817524364293862 0.00000000099999999999 
0.34963904332912482120 0.56804003340100261976 0.08232092026987247735 0.00000000100000000000 0.00000000100000000000 0.00000000100000000000 
0.37513178023917637116 0.62486686583001160855 0.00000135093081219756 0.00000000100000000000 0.00000000100000000000 0.00000000100000000000 
0.37839042164366448739 0.62160957435633557022 0.00000000100000000000 0.00000000100000000000 0.00000000100000000000 0.00000000100000000000 
0.38375347504261941856 0.61624652095738075008 0.00000000100000000000 0.00000000100000000000 0.00000000100000000000 0.00000000100000000000 
0.31291769407158154248 0.66005054749599079145 0.02703175543242749765 0.00000000100000000000 0.00000000100000000000 0.00000000100000000000 
0.35122905692401035216 0.59922455834185761603 0.04494179027808371807 0.00000000100000000000 0.00000000100000000000 0.00460459245604836944 
0.36253744662478376570 0.63693366822703345598 0.00052888214818273089 0.00000000100000000000 0.00000000100000000000 0.00000000100000000000 
0.00000000100000000000 0.69043660775581661149 0.19953778541667382962 0.00000000100000000000 0.11002560382750961598 0.00000000100000000000 
0.00000000100000000000 0.86193755626138712778 0.00000000100000000000 0.00000000100000000000 0.13806243973861301311 0.00000000100000000000 
0.31942854304568840673 0.64407066444246630077 0.02663286937062631782 0.00000000100000000000 0.00000000100000000000 0.00986792114121908155 
0.30054104564896189089 0.68077484284856104590 0.01868410850247712723 0.00000000100000000000 0.00000000100000000000 0.00000000100000000000 
0.34510436755966156230 0.61548211186773249537 0.03941351757260593003 0.00000000100000000000 0.00000000100000000000 0.00000000100000000000 
0.00000000100000000000 0.80247647028513635625 0.11702352076806998848 0.00000000100000000000 0.08050000594679349031 0.00000000100000000000 
0.00000000100000000000 0.72425935586678813483 0.19176105042572150206 0.00000000100000000000 0.08397959070749026755 0.00000000100000000000 
0.28853880044078011879 0.67097509497048357652 0.04048610158873620218 0.00000000100000000000 0.00000000100000000000 0.00000000100000000000 
0.00000000100000000000 0.58644736740837233313 0.10440224339527190422 0.06211425488062619765 0.13332809128547301603 0.11370804203025652868 
0.30641211914851340659 0.63865540143968246856 0.05493247641180420276 0.00000000100000000000 0.00000000100000000000 0.00000000100000000000 
0.00000000100000000000 0.65540335869950727687 0.21579878203192065511 0.00000000100000000000 0.12879785626857201408 0.00000000100000000000 
0.31393767709348729955 0.63602010196494507266 0.04627939708332372282 0.00000000100000000000 0.00000000100000000000 0.00376282185824409641 
0.00000000100000000000 0.83715522528057018103 0.00000000100000000000 0.00000000100000000000 0.16034743371603024653 0.00249733800339979779 
0.31637815086362280903 0.60201952771516498153 0.08160231842121218326 0.00000000100000000000 0.00000000100000000000 0.00000000100000000000 
0.00000000100000000000 0.78256750578616507408 0.09098999139672095393 0.00000000100000000000 0.11472135269690640624 0.01172114812020771252 
0.00000000100000000000 0.66430321583656370965 0.16141439277839764177 0.00039028485447389059 0.17389210453056461181 0.00000000100000000000 
0.00000000100000000000 0.70909066695740397002 0.08626389428365402456 0.00186800196577900884 0.19690948617246797903 0.00586794962069512194 
0.00000000099999999999 0.78044338510534994047 0.00000000099999999999 0.00000000099999999999 0.21955661089465008939 0.00000000099999999999 
0.00000000099999999999 0.86381628060172355177 0.00000905756068831810 0.00000000099999999999 0.13617465883758816947 0.00000000099999999999 
0.37315450181455384060 0.00000000100000000000 0.30182789431403994618 0.32044836593105824329 0.00000000100000000000 0.00456923594034796231 
0.40972882136975735667 0.55834225080150357012 0.03192892482873907478 0.00000000100000000000 0.00000000100000000000 0.00000000100000000000 
0.34336986953121667598 0.65663012646878349265 0.00000000100000000000 0.00000000100000000000 0.00000000100000000000 0.00000000100000000000 
0.35034974985769107292 0.64965024614230892919 0.00000000100000000000 0.00000000100000000000 0.00000000100000000000 0.00000000100000000000 
0.00000000099999999999 0.89347239085162477590 0.00000000099999999999 0.00000000099999999999 0.10652760514837537886 0.00000000099999999999 
0.32663177857680048000 0.59529647441425881382 0.07807174400894062449 0.00000000100000000000 0.00000000100000000000 0.00000000100000000000 
0.36215940388761680424 0.63784059211238341991 0.00000000100000000000 0.00000000100000000000 0.00000000100000000000 0.00000000100000000000 
0.36108143052857055721 0.60362283399913840842 0.03528991478952295258 0.00000581868276821057 0.00000000100000000000 0.00000000100000000000 
0.37460437331786100579 0.62539562268213910734 0.00000000100000000000 0.00000000100000000000 0.00000000100000000000 0.00000000100000000000 
0.00000000099999999999 0.95511851849919726654 0.00000000099999999999 0.00000000099999999999 0.04488147750080268700 0.00000000099999999999 
0.29218802290181705716 0.61799263405414817107 0.08226789800784777007 0.00000000100000000000 0.00755144303618699147 0.00000000100000000000 
0.00000000099999999999 0.00000000099999999999 0.33156884287934063060 0.00000000099999999999 0.66843115312065926048 0.00000000099999999999 
0.06555334239808575936 0.00000000100000000000 0.36793681507502595807 0.00000000100000000000 0.56650983952688827028 0.00000000100000000000 
0.27728944749851042184 0.00000000100000000000 0.36574216310202184443 0.00000000100000000000 0.35696838639946776306 0.00000000100000000000 
0.00000000100000000000 0.07969393836621521676 0.35432398958557986823 0.00000000100000000000 0.56598206904820491658 0.00000000100000000000 
0.31567282670510465881 0.01481559843534267784 0.31102482142970638845 0.00000000100000000000 0.35848675142984637310 0.00000000100000000000 
0.28309081789999079870 0.00000000100000000000 0.35668056848234097611 0.00000000100000000000 0.36022861061766808799 0.00000000100000000000 
0.30463646141145228619 0.00000000100000000000 0.31270404078102942425 0.00000000100000000000 0.38265949480751815237 0.00000000100000000000 
0.00000000100000000000 0.00000000100000000000 0.42299817292473501640 0.00000000100000000000 0.57700182307526493020 0.00000000100000000000 
0.33266256358139506544 0.00000000100000000000 0.24674674215196815141 0.00000000100000000000 0.42059069126663678473 0.00000000100000000000 
0.29640941426686107096 0.00000000100000000000 0.36791545188026891777 0.00000000100000000000 0.33567513085286998509 0.00000000100000000000 
0.33072857236154473703 0.00000000100000000000 0.29538222267831676371 0.00000000100000000000 0.37388920196013858410 0.00000000100000000000 
0.00000000100000000000 0.00000000100000000000 0.48171570732478163901 0.00000000100000000000 0.51828428867521825207 0.00000000100000000000 
0.30436538922800432383 0.00000000099999999999 0.26073263482950959080 0.00000000099999999999 0.43490197294248600368 0.00000000099999999999 
0.28401547063313742347 0.00000000100000000000 0.25878701247871843671 0.00000000100000000000 0.45580330097881521789 0.00139421390932891235 
0.30757237825682437471 0.00000000100000000000 0.41663195814941417217 0.02401291011395194352 0.25178275147980955229 0.00000000100000000000 
0.44739775486907329416 0.20551131766810937229 0.00000000100000000000 0.00000000100000000000 0.34403738829851193692 0.00305353716430555597 
0.99999999500000014141 0.00000000099999999999 0.00000000099999999999 0.00000000099999999999 0.00000000099999999999 0.00000000099999999999 
0.95574752786651784309 0.00000000100000000000 0.00000000100000000000 0.00000000100000000000 0.04425246813348220065 0.00000000100000000000 
0.99999999500000003039 0.00000000099999999999 0.00000000099999999999 0.00000000099999999999 0.00000000099999999999 0.00000000099999999999 
0.99999999500000003039 0.00000000099999999999 0.00000000099999999999 0.00000000099999999999 0.00000000099999999999 0.00000000099999999999 
0.99999999500000003039 0.00000000100000000000 0.00000000100000000000 0.00000000100000000000 0.00000000100000000000 0.00000000100000000000 
0.61481782819170360810 0.11056928656092596119 0.02325619442431232919 0.00000000100000000000 0.25135668882305789440 0.00000000100000000000 
0.99999999500000014141 0.00000000099999999999 0.00000000099999999999 0.00000000099999999999 0.00000000099999999999 0.00000000099999999999 
0.65696989448393861011 0.08751305459280746268 0.06451408074441593310 0.00000000100000000000 0.19100296817883796741 0.00000000100000000000 
0.99999999500000003039 0.00000000099999999999 0.00000000099999999999 0.00000000099999999999 0.00000000099999999999 0.00000000099999999999 
0.35712923682502045741 0.00000000099999999999 0.43178573784872825714 0.00000000099999999999 0.21108502232625117601 0.00000000099999999999 
0.00000000099999999999 0.00000000099999999999 0.46199520963467538559 0.00000000099999999999 0.53800478636532456100 0.00000000099999999999 
0.34435147808389426904 0.00000000100000000000 0.33230014419288550487 0.00000000100000000000 0.32334837472322019991 0.00000000100000000000 
0.00000000099999999999 0.00000000099999999999 0.58872109547721129807 0.00000000099999999999 0.41127890052278864852 0.00000000099999999999 
0.00000000099999999999 0.00000000099999999999 0.50920837527283957513 0.00000000099999999999 0.49079162072716042697 0.00000000099999999999 
0.00000000100000000000 0.00000000100000000000 0.46477028464231845417 0.00000000100000000000 0.53522971135768149242 0.00000000100000000000 
0.00000000099999999999 0.00000000099999999999 0.57816454343781953362 0.00000000099999999999 0.42183545256218030195 0.00000000099999999999 
0.00000000099999999999 0.00000000099999999999 0.52182273538564083459 0.00000000099999999999 0.47817726061435900098 0.00000000099999999999 
0.00000000099999999999 0.00000000099999999999 0.47358179810048367520 0.00000000099999999999 0.52641819789951627140 0.00000000099999999999 
0.00000000099999999999 0.00000000099999999999 0.54895788234140030504 0.00000000099999999999 0.45104211365859969707 0.00000000099999999999 
0.30635038323741020649 0.00000000100000000000 0.41623435226442356827 0.00000000100000000000 0.27741526149816614355 0.00000000100000000000 
0.30252877730486898988 0.00000000099999999999 0.44094807943455693877 0.00000000099999999999 0.25652314026057393415 0.00000000099999999999 
0.35928747043145570217 0.00000000099999999999 0.40369543789306577830 0.00000000099999999999 0.23701708867547854886 0.00000000099999999999 
0.00000000099999999999 0.00000000099999999999 0.46788610082579945582 0.00000000099999999999 0.53211389517420049078 0.00000000099999999999 
0.00000000099999999999 0.00000000099999999999 0.59531305672507228710 0.00000000099999999999 0.40468693927492777052 0.00000000099999999999 
0.00000000099999999999 0.00000000099999999999 0.49318046206058985259 0.00000000099999999999 0.50681953393941003849 0.00000000099999999999 
0.00000000100000000000 0.00285376916181092526 0.45175625953007647606 0.00000000100000000000 0.54538996830811248273 0.00000000100000000000 
0.00000000099999999999 0.00000000099999999999 0.66717358214362354474 0.00000000099999999999 0.33282641385637634635 0.00000000099999999999 
0.32098186949911211574 0.00000000099999999999 0.37213082146728709843 0.00000000099999999999 0.30688730603360087068 0.00000000099999999999 
0.33206375685179556623 0.00000000100000000000 0.32449049902405630030 0.00000000100000000000 0.34344574112414816280 0.00000000100000000000 
0.32417696450993532808 0.00000000100000000000 0.41984313053185612352 0.00000000100000000000 0.25597990195820835568 0.00000000100000000000 
0.00000000099999999999 0.00000000099999999999 0.55020499965741798132 0.00000000099999999999 0.44979499634258185425 0.00000000099999999999 
0.00000000099999999999 0.00000000099999999999 0.48675200062722162597 0.00000000099999999999 0.51324799537277843164 0.00000000099999999999 
0.00000000099999999999 0.00000000099999999999 0.55575988009910592957 0.00000000099999999999 0.44424011590089401702 0.00000000099999999999 
0.33685471496375751776 0.00000000100000000000 0.49248416783906268090 0.00000000100000000000 0.17066111419717985842 0.00000000100000000000 
0.31248066806161112208 0.00000000099999999999 0.57387538484780131753 0.00000000099999999999 0.11364394409058747870 0.00000000099999999999 
0.00000000099999999999 0.00000000099999999999 0.52158914408526158013 0.00000000099999999999 0.47841085191473847749 0.00000000099999999999 
0.00000000099999999999 0.00023973675025874022 0.00000000099999999999 0.00000000099999999999 0.99976025924974121217 0.00000000099999999999 
0.00000000100000000000 0.11406435307595405582 0.03435217741959375320 0.00000000100000000000 0.85158346650445204684 0.00000000100000000000 
0.35505987171876185471 0.00000000099999999999 0.00000000099999999999 0.00000000099999999999 0.64494012428123803637 0.00000000099999999999 
0.00000000100000000000 0.00000000148151808677 0.30413776886514787279 0.00000000100000000000 0.69586222665333385962 0.00000000100000000000 
0.37792456556864861827 0.50137179402422427099 0.00000000100000000000 0.00000000100000000000 0.12070363740712712619 0.00000000100000000000 
0.00000000099999999999 0.07555094313693828945 0.00000000099999999999 0.00000000099999999999 0.92444905286306178205 0.00000000099999999999 
0.00000000099999999999 0.01439051259629408122 0.03761077074414909821 0.00000000099999999999 0.94720109953433140326 0.00079761512522543375 
0.00000000099999999999 0.18119587092042402365 0.00000000099999999999 0.00000000099999999999 0.81880412507957600621 0.00000000099999999999 
0.00000000099999999999 0.04558772629963562389 0.00000000099999999999 0.00000000099999999999 0.95441226970036430188 0.00000000099999999999 
0.00000000099999999999 0.15184054266739066552 0.04843671376915580085 0.00000000099999999999 0.79972274056345338256 0.00000000099999999999 
0.00000000100000000000 0.10008654750114376331 0.00000000100000000000 0.00000000100000000000 0.89991344849885623880 0.00000000100000000000 
0.38820133618188751301 0.00000000100000000000 0.00000000100000000000 0.00000000100000000000 0.61179865981811243358 0.00000000100000000000 
0.34982028036041112884 0.00000000099999999999 0.00000000099999999999 0.00000000099999999999 0.65017971563958876224 0.00000000099999999999 
0.36712961465959376151 0.00000000100000000000 0.00000000100000000000 0.00000000100000000000 0.63287038134040607407 0.00000000100000000000 
0.00000000099999999999 0.14234601383619033266 0.00000000099999999999 0.00000000099999999999 0.85765398216380961394 0.00000000099999999999 
0.41760930348196351192 0.00000000100000000000 0.05194701476480149960 0.00000000100000000000 0.53044367875323483741 0.00000000100000000000 
0.00000000099999999999 0.00000000099999999999 0.15608376854033234604 0.00000000099999999999 0.84391622745966754504 0.00000000099999999999 
0.34869168986554543999 0.51870672043338539314 0.00000000100000000000 0.00000000100000000000 0.13260158670106905743 0.00000000100000000000 
0.00000000099999999999 0.10313163357707774703 0.00000000099999999999 0.00000000099999999999 0.89686836242292233834 0.00000000099999999999 
0.00000000099999999999 0.00000000099999999999 0.00000000099999999999 0.00000000099999999999 0.99999999499999991937 0.00000000099999999999 
0.00000000099999999999 0.14646686326767352493 0.00000000099999999999 0.00000000099999999999 0.85353313273232644942 0.00000000099999999999 
0.35453988205854419791 0.00000000099999999999 0.00000000099999999999 0.00000000099999999999 0.64546011394145563767 0.00000000099999999999 
0.00000000099999999999 0.09137358687879991448 0.06066998113012025268 0.00000000099999999999 0.84795642899107981361 0.00000000099999999999 
0.00000000099999999999 0.11459546312678839386 0.00000000099999999999 0.00000000099999999999 0.88540453287321152498 0.00000000099999999999 
0.25182896378494795675 0.61726575776598890943 0.13090527544906321866 0.00000000099999999999 0.00000000099999999999 0.00000000099999999999 
0.25954986881375702312 0.66561618669590305597 0.07483366068439312180 0.00000028180594683830 0.00000000100000000000 0.00000000100000000000 
0.25583210826374719327 0.67403371300695902324 0.05714263353161388309 0.01299154319767996391 0.00000000100000000000 0.00000000100000000000 
0.23079183147439863433 0.76800178548579189908 0.00000041270413688289 0.00000000194565842599 0.00000000100000000000 0.00120596739001431713 
0.27523005852996884624 0.13826431378973708108 0.09401462917337412295 0.02449366883774414805 0.45863826818208508485 0.00935906148709089725 
0.23997827352254344491 0.71843743744736343615 0.04158428602981150551 0.00000000100028150764 0.00000000100000000000 0.00000000100000000000 
0.23328033330347131002 0.66291276377583430168 0.10237678641895267551 0.00000000100000000000 0.00000000100000000000 0.00143011450174175439 
0.24537849018086857478 0.74798358504587569850 0.00045062640630627349 0.00000000100000000000 0.00000000100000000000 0.00618729636694935730 
0.22959006206655688254 0.70161376791480078996 0.06879616701864241235 0.00000000100000000000 0.00000000100000000000 0.00000000100000000000 
0.27806244050147010949 0.71218850047506465639 0.00000000100000000000 0.00974902010541250225 0.00000000100000000000 0.00000003691805282653 
0.00000000099999999999 0.00000000099999999999 0.46827707327978113083 0.00000000099999999999 0.53172292272021870474 0.00000000099999999999 
0.31500895112714377699 0.00000000100000000000 0.35825530833521224139 0.00000000100000000000 0.32673573753764395544 0.00000000100000000000 
0.30404713526084359287 0.00000000100000000000 0.33345584888470231055 0.00000000100000000000 0.36249701285445412591 0.00000000100000000000 
0.34973392416854570675 0.00000000099999999999 0.29875420771693661504 0.00000000099999999999 0.35151186511451748551 0.00000000099999999999 
0.00000000100000000000 0.01617509850937285873 0.37829742582517539295 0.00000000100000000000 0.60552747266545170479 0.00000000100000000000 
0.26897015000047841404 0.00000000099999999999 0.33446322601915956518 0.00000000099999999999 0.39656662098036199460 0.00000000099999999999 
0.00000000100000000000 0.09008437954647877111 0.39702797276404444560 0.00000000100000000000 0.51288764468947678488 0.00000000100000000000 
0.23603514814732423632 0.00000000099999999999 0.76396484785267582129 0.00000000099999999999 0.00000000099999999999 0.00000000099999999999 
0.00000000100000000000 0.00000000100000000000 0.30235862803126023479 0.00000000100000000000 0.69764136796873965629 0.00000000100000000000 
0.33680464693360701034 0.00000000099999999999 0.35907559497559632389 0.00000000099999999999 0.30411975509079658408 0.00000000099999999999 
0.27377707854714394831 0.00000000100000000000 0.33351676728089474366 0.00000000100000000000 0.39270615117196122634 0.00000000100000000000 
